13 1 0 0 1 0   6 8   1 5   1 5   3 5   8 8   5 7   4 6   2 3   6 9   3 12   5 5   8 9   5 6   3 5 
13 2 0 0 2 0   1 6   2 5   0 0   3 4   10 11   4 5   4 8   3 6   9 9   6 16   4 5   0 0   0 0   3 5 
13 3 1 2 1 2   0 0   1 5   0 0   3 5   8 11   0 0   0 0   3 6   9 9   6 12   4 5   9 9   5 6   5 5 
13 4 1 2 1 2   6 6   5 5   4 5   3 3   0 0   4 7   6 8   2 6   6 9   3 6   5 5   9 9   5 6   5 5 
20 1 0 0 1 2   6 10   2 3   3 6   2 2   9 11   1 5   4 9   0 0   6 6   0 0   3 3   9 11   4 5   2 4 
20 2 0 0 2 0   6 9   1 8   6 6   5 5   9 11   4 6   9 9   0 0   6 9   6 16   3 5   9 10   3 6   3 5 
20 4 1 2 2 2   6 9   2 8   6 6   2 5   11 11   1 4   4 9   0 0   6 9   12 16   3 5   9 10   5 6   3 4 
20 5 1 2 1 2   6 6   2 8   6 6   2 5   9 9   5 6   9 9   0 0   6 9   3 6   3 3   9 10   5 6   2 3 
33 1 0 0 1 0   6 7   2 8   3 6   2 4   8 10   5 5   4 9   6 6   6 9   6 11   3 4   8 9   6 6   4 4 
33 2 0 0 2 0   6 9   9 13   3 4   4 4   9 9   4 4   4 10   0 0   6 8   5 5   5 5   3 9   2 4   2 3 
33 3 1 2 1 2   6 7   8 9   4 6   4 4   9 10   4 5   4 4   0 0   8 9   5 11   3 5   0 0   4 6   0 0 
33 4 1 2 1 2   6 9   2 9   3 4   2 4   8 9   4 5   9 10   0 0   6 6   5 6   3 5   9 9   2 6   3 4 
45 1 0 0 1 0   6 6   2 5   4 5   2 2   6 8   4 5   4 7   3 6   6 6   10 16   3 3   3 7   6 6   3 4 
45 2 0 0 2 2   1 6   1 9   3 4   3 5   6 11   4 5   4 11   6 6   5 6   5 5   3 6   0 0   3 3   4 4 
45 3 1 2 1 2   6 6   1 2   4 4   2 5   8 11   4 5   4 11   6 6   5 6   0 0   3 6   7 11   3 6   3 4 
45 4 1 2 2 2   6 6   2 9   3 4   2 3   8 11   4 5   4 11   0 0   6 6   0 0   3 3   7 9   3 6   3 4 
58 1 0 0 1 2   6 6   1 3   4 5   3 3   6 9   3 4   6 9   6 6   3 3   7 12   3 3   9 9   3 3   5 5 
58 2 0 0 2 0   4 7   5 8   3 6   2 2   2 9   5 7   7 8   3 3   7 8   5 12   3 4   1 9   3 6   3 3 
58 3 1 2 2 2   4 6   3 5   3 4   2 3   6 9   3 5   6 7   3 6   3 7   5 7   3 3   9 9   3 6   3 5 
58 4 1 2 1 2   4 6   1 5   0 0   2 3   2 6   3 5   6 7   3 6   3 7   5 12   3 3   9 9   3 6   3 5 
103 1 0 0 1 0   6 9   5 11   3 4   3 5   9 11   5 7   7 8   6 6   5 5   13 15   3 5   6 6   1 4   3 3 
103 2 0 0 2 0   6 7   2 3   4 4   2 3   0 0   4 5   4 9   3 3   5 5   6 6   3 5   8 10   4 6   3 6 
103 3 1 2 1 2   6 6   3 5   3 4   3 5   9 11   4 7   4 8   3 6   5 5   6 13   3 3   6 10   1 4   3 6 
103 5 1 2 1 2   6 9   3 5   3 4   3 5   9 11   5 7   8 9   3 6   5 5   6 13   3 5   6 8   4 6   3 3 
130 1 0 0 1 0   6 8   3 9   3 6   2 5   0 0   3 5   4 9   6 6   5 6   6 14   3 5   6 9   3 3   2 3 
130 2 0 0 2 0   1 6   3 3   3 6   3 3   10 10   5 7   4 6   6 6   5 6   12 15   3 5   9 10   2 3   4 4 
130 4 1 2 1 2   6 6   3 3   3 6   2 3   7 10   3 5   4 9   6 6   6 6   14 15   3 3   6 10   3 3   3 4 
130 5 1 2 1 2   6 6   3 3   3 3   2 3   7 10   3 7   6 9   6 6   6 6   6 12   5 5   9 9   2 3   2 4 
133 1 0 0 1 2   6 7   1 5   3 6   3 6   11 11   4 5   4 10   5 6   3 9   5 14   3 3   3 6   3 4   4 4 
133 2 0 0 2 0   1 6   5 13   3 4   2 5   6 7   3 4   7 8   4 6   6 7   4 13   5 5   8 9   3 4   2 4 
133 4 1 2 1 2   1 6   1 13   3 3   3 5   7 11   4 4   4 8   6 6   7 9   4 5   3 5   6 9   3 4   2 4 
133 5 1 2 1 2   6 6   1 5   3 4   2 3   6 11   4 4   4 8   5 6   7 9   4 5   3 5   6 9   3 4   2 4 
144 1 0 0 1 0   6 6   5 5   3 4   3 4   6 9   3 6   4 6   3 6   6 7   14 14   2 3   3 8   3 4   4 4 
144 2 0 0 2 0   5 6   9 9   3 6   3 3   9 12   4 5   4 6   3 3   5 7   6 8   5 6   3 9   2 6   4 4 
144 3 1 2 1 2   6 6   5 9   3 6   3 4   6 12   3 4   4 4   3 6   5 7   8 14   3 5   8 9   3 6   4 4 
144 4 1 2 1 2   6 6   5 9   4 6   3 3   9 12   4 6   4 6   3 3   5 6   8 14   3 5   8 9   3 6   4 4 
144 5 1 2 1 2   5 6   5 9   3 3   3 4   6 9   3 5   4 6   3 3   5 6   8 14   2 5   3 9   4 6   4 4 
153 1 0 0 1 0   6 7   5 5   3 3   2 5   9 13   5 5   4 6   2 3   4 9   6 8   3 5   7 9   4 7   3 4 
153 2 0 0 2 0   0 0   2 9   0 0   3 5   4 6   3 5   1 4   3 6   0 0   6 13   2 3   0 0   0 0   4 5 
153 3 1 2 1 2   6 7   2 5   3 8   2 5   4 13   5 5   1 6   3 6   4 6   6 8   2 5   6 7   6 7   4 5 
153 4 1 2 1 2   6 6   5 9   3 3   3 5   6 9   3 5   1 6   3 6   4 6   8 13   3 5   6 7   6 7   4 5 
162 1 0 0 1 0   6 6   1 1   4 6   3 3   4 4   5 5   6 7   2 6   5 5   0 0   3 5   0 0   0 0   4 4 
162 2 0 0 2 0   6 8   1 4   4 4   3 3   7 8   4 4   7 9   3 6   6 7   0 0   3 3   8 9   2 6   3 3 
162 3 1 2 1 2   6 8   1 4   4 4   3 3   4 8   4 5   7 9   2 3   5 7   0 0   3 5   0 0   2 6   3 4 
162 4 1 2 1 2   6 8   1 4   4 4   3 3   4 8   4 5   6 7   6 6   5 6   0 0   3 3   9 9   3 6   3 4 
164 1 0 0 1 0   6 6   5 5   4 6   3 6   9 10   3 5   4 6   2 3   5 5   4 10   1 5   9 9   5 6   2 3 
164 2 0 0 2 0   6 7   2 2   3 4   3 4   4 10   4 7   5 7   3 3   5 9   5 12   3 7   0 0   3 6   2 6 
164 3 1 2 1 2   6 6   2 5   3 6   4 6   9 10   4 5   5 6   2 3   5 9   4 12   1 3   0 0   5 6   2 3 

164 4 1 2 1 2   6 6   2 5   3 6   3 4   10 10   3 4   4 5   3 3   5 9   10 12   3 5   9 9   3 6   0 0 
171 1 0 0 1 0   6 6   5 5   4 6   2 5   10 13   5 5   4 10   3 6   5 6   5 6   3 4   9 10   4 5   4 4 
171 2 0 0 2 0   6 6   3 5   3 4   2 5   6 10   4 5   2 7   4 5   4 5   9 12   3 4   8 9   1 3   2 4 
171 3 1 2 1 2   6 6   5 5   4 4   2 5   10 10   5 5   7 10   3 5   4 5   6 9   3 4   8 9   3 4   2 4 
171 4 1 2 2 2   6 6   5 5   4 6   2 2   10 13   5 5   4 7   5 6   4 6   0 0   3 4   0 0   1 5   4 4 
192 1 0 0 1 0   4 6   2 2   7 8   2 4   4 10   5 5   4 4   6 6   5 6   5 17   3 4   3 4   6 6   3 3 
192 2 0 0 2 2   6 6   1 7   4 6   3 5   9 10   3 5   4 4   3 4   7 9   3 14   3 5   4 9   2 6   3 6 
192 3 1 2 1 2   6 6   2 7   4 8   2 3   4 9   3 5   4 4   3 6   5 9   3 5   3 4   3 4   6 6   3 3 
192 4 1 2 1 2   4 6   2 7   4 7   3 4   9 10   3 5   4 4   4 6   6 7   14 17   3 5   4 9   6 6   3 3 
222 1 0 0 1 2   6 9   9 9   4 6   2 5   6 10   3 5   4 9   3 6   7 7   6 15   3 5   7 9   3 3   2 3 

222 2 0 0 2 0   8 9   2 2   4 4   2 4   8 9   3 5   4 9   3 8   6 6   5 19   3 3   9 9   3 4   3 4 
222 3 1 2 2 2   9 9   2 9   4 6   2 2   6 9   3 5   4 9   3 8   6 7   6 19   3 3   7 9   3 3   3 4 
222 4 1 2 1 2   9 9   2 9   4 6   2 5   9 10   3 5   4 9   3 6   6 7   5 6   3 3   9 9   3 3   2 4 
247 1 0 0 1 0   1 9   8 9   4 7   2 2   4 9   3 4   4 9   0 0   5 7   5 6   3 4   6 9   5 6   1 3 
247 2 0 0 2 0   7 9   2 5   3 6   2 2   9 10   4 6   4 9   3 6   5 7   9 11   4 5   9 9   3 4   3 4 
247 3 1 2 1 2   9 9   2 9   4 6   2 2   9 9   3 4   4 9   2 6   5 5   6 9   4 5   6 9   4 5   0 0 
247 4 1 2 2 2   1 9   2 8   0 0   2 2   4 10   4 6   4 4   4 6   5 5   6 9   4 5   6 9   3 5   1 3 
268 1 0 0 1 0   6 6   2 9   3 5   2 2   4 9   3 5   2 4   3 4   3 5   7 13   3 3   9 9   3 6   2 3 
268 2 0 0 2 0   6 7   3 5   4 6   2 2   6 9   5 6   4 4   1 6   6 7   6 6   3 4   4 10   3 5   4 4 
268 4 1 2 1 2   6 7   2 3   3 6   2 2   6 9   3 5   4 4   4 6   5 7   6 13   3 3   9 10   5 6   3 4 
268 5 1 2 2 2   6 6   5 9   4 5   2 2   4 9   5 6   2 4   4 6   5 7   6 13   3 3   4 9   5 6   2 4 
278 1 0 0 1 0   6 9   9 13   3 6   4 5   9 9   4 7   4 9   3 6   5 9   13 17   3 4   1 10   3 3   3 3 
278 2 0 0 2 0   1 6   2 3   3 3   3 4   4 6   3 4   4 4   4 6   6 6   6 14   2 4   8 10   3 6   4 4 
278 3 1 2 1 2   6 9   3 13   3 3   4 4   6 9   3 7   4 4   3 4   6 9   6 13   4 4   8 10   3 6   3 4 
278 5 1 2 1 2   1 6   3 9   3 6   4 5   0 0   3 7   4 4   6 6   5 6   14 17   2 3   0 0   3 6   3 4 
506 1 0 0 1 0   5 6   1 2   0 0   5 6   9 11   3 4   1 6   2 8   3 6   12 12   4 5   8 8   1 6   4 4 
506 2 0 0 2 2   6 7   5 13   5 6   3 4   10 11   4 6   9 9   4 6   1 6   4 15   2 4   9 9   5 6   4 5 
506 3 1 2 2 2   6 7   2 13   3 6   4 5   9 10   3 4   6 9   6 8   1 3   12 15   2 4   8 9   1 6   4 4 
506 4 1 2 1 2   6 6   2 13   3 5   3 5   11 11   4 6   1 9   2 4   1 6   12 15   2 5   8 9   5 6   4 5 
508 1 0 0 1 0   1 9   1 13   4 4   2 4   4 10   3 5   3 7   4 6   6 6   13 13   3 3   9 9   6 6   2 3 
508 2 0 0 2 2   6 6   3 5   3 6   2 4   9 10   3 3   6 8   4 4   6 7   0 0   3 4   0 0   3 3   3 3 
508 3 1 2 2 2   1 6   5 13   3 4   4 4   4 10   3 3   3 8   4 6   6 7   6 13   3 3   9 12   3 6   3 3 
508 4 1 2 1 2   1 6   1 5   3 4   4 4   4 10   3 3   3 8   4 6   6 7   6 13   3 3   9 12   3 6   3 3 
510 1 0 0 1 0   0 0   0 0   0 0   0 0   0 0   0 0   0 0   0 0   0 0   0 0   0 0   0 0   0 0   0 0 
510 2 0 0 2 0   5 6   5 8   3 6   3 5   7 11   4 5   6 8   3 3   5 6   12 16   3 3   10 10   1 5   3 3 
510 3 1 2 1 2   5 6   5 9   3 6   5 5   7 9   4 6   4 8   3 5   6 6   6 16   3 5   9 10   3 5   2 3 
510 4 1 2 1 2   5 8   5 9   3 6   3 3   7 9   4 6   4 8   3 5   6 6   6 16   3 5   9 10   1 3   2 3 
511 1 0 0 1 0   0 0   0 0   0 0   0 0   0 0   0 0   0 0   0 0   0 0   0 0   0 0   0 0   0 0   0 0 
511 2 0 0 2 2   7 9   5 9   3 3   2 4   6 8   4 7   4 4   3 6   6 7   0 0   3 4   8 9   0 0   4 4 
511 4 1 2 1 2   6 9   1 5   3 3   2 5   8 9   7 7   4 7   4 6   6 7   0 0   3 3   6 9   3 6   3 4 
511 5 1 2 1 2   6 9   1 9   3 3   4 5   6 9   4 7   4 7   3 4   6 6   0 0   3 3   0 0   3 3   3 4 
512 1 0 0 1 0   6 9   1 3   6 6   2 4   4 11   4 5   4 6   6 6   5 6   9 12   3 4   3 8   3 3   2 3 
512 2 0 0 2 0   1 9   1 3   6 6   5 5   9 9   3 4   7 11   3 3   3 5   5 10   3 4   8 9   1 2   2 4 
512 3 1 2 2 2   6 9   1 3   6 6   2 5   4 9   3 4   6 11   3 6   3 6   5 12   3 4   3 8   1 3   3 4 
512 4 1 2 1 2   9 9   1 1   6 6   2 5   9 11   4 5   4 7   3 6   5 5   9 10   3 4   3 9   2 3   2 2 
515 1 0 0 1 2   6 6   2 9   3 5   3 5   6 9   4 8   4 4   4 9   3 6   5 10   1 3   9 10   1 3   3 4 
515 2 0 0 2 2   6 6   1 1   4 5   3 5   9 10   4 5   2 4   4 4   6 7   5 5   3 5   9 10   5 5   2 3 
515 5 1 2 1 2   6 6   1 2   4 5   3 3   9 10   5 8   4 4   4 4   6 6   5 10   1 3   9 10   1 5   2 4 
515 6 1 2 1 2   6 6   1 2   5 5   5 5   6 9   4 4   2 4   4 9   3 7   5 5   3 5   9 10   3 5   2 3 
516 1 0 0 1 0   4 8   2 3   3 3   3 5   5 10   3 5   4 6   4 6   5 7   5 11   3 5   1 9   2 6   3 3 
516 2 0 0 2 2   4 6   1 1   3 6   2 3   9 9   4 5   7 8   2 3   3 5   5 11   3 4   0 0   2 6   3 4 
516 3 1 2 1 2   4 6   1 3   3 6   2 3   9 10   3 4   0 0   2 4   5 5   5 11   3 4   1 10   6 6   3 4 
516 4 1 2 2 2   6 8   1 2   3 6   3 3   9 10   3 5   6 7   2 4   3 5   5 11   3 5   7 9   2 2   3 3 
517 1 0 0 1 0   6 6   2 11   3 6   2 2   10 10   4 5   6 9   3 6   6 9   3 5   0 0   8 9   5 6   3 4 
517 2 0 0 2 0   9 9   1 2   3 4   2 4   0 0   3 3   4 9   6 6   5 5   11 17   3 4   3 9   3 5   4 4 
517 3 1 2 1 2   6 9   1 2   3 3   2 4   7 10   3 5   9 9   6 6   5 9   5 11   3 3   3 8   3 5   3 4 
517 4 1 2 1 2   6 9   2 11   4 6   2 2   10 11   3 4   4 6   3 6   5 6   3 11   3 3   3 9   3 6   4 4 
518 1 0 0 1 0   1 6   2 5   6 6   2 2   6 8   5 7   9 9   3 3   6 6   17 17   3 3   3 8   3 4   2 4 
518 2 0 0 2 0   1 6   2 5   3 5   2 2   6 9   5 7   7 7   3 6   3 5   13 16   3 3   1 9   2 3   3 4 
518 3 1 2 1 2   1 6   5 5   3 6   2 2   6 8   5 7   7 9   3 3   3 6   16 17   3 3   0 0   0 0   3 4 
518 4 1 2 2 2   1 6   5 5   3 6   2 2   6 8   5 7   7 9   3 3   3 6   16 17   3 3   3 9   2 3   4 4 
519 1 0 0 1 0   6 9   3 9   3 4   2 4   6 8   5 5   4 9   2 6   6 6   5 5   3 5   8 9   3 4   4 5 
519 2 0 0 2 0   8 9   1 1   4 6   2 4   7 9   3 5   4 5   3 3   0 0   13 14   3 5   0 0   2 6   4 4 
519 3 1 2 2 2   6 8   1 3   4 6   2 4   6 9   5 5   4 5   2 3   6 6   5 14   5 5   9 10   2 3   4 4 
519 4 1 2 2 2   8 9   1 9   3 4   2 4   7 8   3 5   4 9   3 6   6 9   5 13   3 3   8 9   4 6   4 5 
520 1 0 0 1 0   6 6   1 3   4 4   3 3   9 9   3 4   4 9   3 6   4 6   6 15   3 4   3 9   2 2   2 3 
520 2 0 0 2 0   6 6   5 13   3 6   5 5   4 9   3 3   4 9   2 3   6 9   5 6   3 5   1 11   3 4   3 4 
520 3 1 2 1 2   6 6   3 13   3 4   3 5   9 9   3 3   4 9   2 6   6 9   5 15   3 5   3 11   2 4   3 3 
520 4 1 2 1 2   6 6   1 13   3 4   3 5   9 9   3 3   4 4   3 6   6 9   5 15   3 5   3 11   2 3   3 4 
521 1 0 0 1 0   1 6   1 9   5 6   5 7   0 0   4 5   7 7   2 4   4 5   5 7   3 4   9 9   6 6   2 3 
521 2 0 0 2 0   6 6   2 3   3 6   2 4   6 8   5 7   4 8   2 6   5 5   6 11   3 3   8 10   4 5   3 4 
521 3 1 2 2 2   1 6   2 9   3 5   2 7   1 6   5 5   4 7   4 6   4 5   5 6   3 4   8 9   5 6   3 3 
521 4 1 2 2 2   1 6   2 9   5 6   4 7   1 8   4 7   7 8   2 2   0 0   5 11   3 4   0 0   0 0   3 4 
522 1 0 0 1 0   6 6   1 5   6 6   5 5   9 9   5 8   4 4   3 5   5 9   3 4   3 3   6 9   3 5   2 3 
522 2 0 0 2 0   6 6   5 9   6 6   2 4   10 12   5 5   4 5   3 4   0 0   3 4   3 4   10 11   4 4   4 5 
522 3 1 2 1 2   6 6   1 5   6 6   4 5   9 12   5 5   4 4   3 4   5 9   4 4   3 4   9 11   4 5   3 5 
522 4 1 2 1 2   6 6   1 9   6 6   2 5   9 10   5 5   4 5   3 3   0 0   3 3   3 3   6 10   3 4   2 4 
523 1 0 0 1 0   1 6   1 9   6 6   3 4   6 9   3 7   4 10   3 6   4 5   4 4   3 3   9 10   3 3   2 4 
523 2 0 0 2 2   6 6   2 3   3 4   3 3   0 0   5 5   4 9   3 6   3 5   4 4   4 4   6 10   3 4   3 4 
523 3 1 2 1 2   1 6   3 9   4 6   3 4   6 7   5 7   4 10   3 6   3 4   4 4   3 4   6 9   3 4   4 4 
523 4 1 2 2 2   1 6   2 9   4 6   3 4   6 7   5 7   9 10   3 3   4 5   4 4   3 4   6 9   3 3   3 4 
524 1 0 0 1 2   7 9   1 7   3 6   4 5   9 11   5 5   4 6   3 3   3 9   9 15   3 3   3 8   6 6   4 4 
524 2 0 0 2 0   6 6   1 3   5 6   2 3   3 9   5 6   7 9   3 8   5 6   4 5   3 5   7 8   3 3   4 4 
524 3 1 2 2 2   6 7   1 1   3 5   3 4   3 11   5 6   6 7   3 8   3 6   4 15   3 5   3 7   3 6   4 4 
524 4 1 2 1 2   6 7   1 1   3 5   3 4   9 11   5 5   6 9   3 3   5 9   5 9   3 3   8 8   3 6   4 4 
525 1 0 0 1 2   6 8   2 9   3 3   2 4   9 10   5 5   4 9   3 5   5 6   10 13   3 5   3 3   3 3   2 3 
525 2 0 0 2 2   1 6   1 4   3 3   2 4   9 14   3 7   9 9   3 6   6 6   4 12   3 3   6 10   3 4   2 4 
525 3 1 2 1 2   1 8   2 4   3 3   2 4   9 10   5 7   9 9   5 6   5 6   4 10   3 5   3 10   3 4   2 2 
525 4 1 2 2 2   6 6   1 9   3 3   2 4   10 14   3 5   9 9   5 6   6 6   4 13   3 3   3 6   3 3   2 3 
527 1 0 0 1 0   6 6   1 2   4 8   3 5   9 9   5 5   4 5   2 6   6 6   11 15   3 3   6 10   3 4   3 5 
527 2 0 0 2 0   6 6   1 2   6 6   2 5   8 8   5 5   5 6   3 3   6 6   4 10   3 3   9 12   2 6   3 3 
527 3 1 2 2 2   6 6   1 2   4 6   2 3   8 9   5 5   4 6   2 3   6 6   10 11   3 3   6 12   0 0   3 5 
527 4 1 2 1 2   6 6   2 2   4 6   5 5   8 9   5 5   5 6   3 6   6 6   4 11   3 3   6 9   2 4   3 5 
528 1 0 0 1 0   1 5   1 1   3 8   3 5   8 10   5 5   8 9   4 6   5 7   6 10   2 3   3 9   3 4   3 3 
528 2 0 0 2 2   1 6   1 7   4 6   2 4   9 11   0 0   2 4   5 6   5 9   9 10   3 5   9 10   4 6   3 3 
528 3 1 2 1 2   1 6   1 7   4 8   2 3   10 11   5 5   4 9   6 6   7 9   9 10   2 3   9 9   4 4   3 3 
528 4 1 2 1 2   5 6   1 7   3 4   2 5   8 9   0 0   2 8   4 5   5 9   0 0   2 3   9 9   4 4   3 3 
529 1 0 0 1 0   6 6   1 9   4 4   2 3   7 8   3 5   7 9   2 2   5 5   3 10   3 4   9 10   3 6   3 4 
529 2 0 0 2 2   1 6   2 9   5 6   2 4   9 10   5 5   2 5   2 3   5 6   15 15   4 5   6 9   3 6   3 3 
529 3 1 2 1 2   1 6   2 9   4 6   3 4   7 10   5 5   2 9   2 3   5 6   3 15   4 4   6 10   6 6   3 3 
529 4 1 2 1 2   1 6   2 9   4 6   3 4   7 10   3 5   2 7   2 3   5 6   10 15   3 4   9 10   3 6   3 3 
530 1 0 0 1 0   9 9   2 5   3 6   2 4   7 9   3 4   4 8   6 8   6 9   5 8   3 4   9 9   3 3   3 4 
530 2 0 0 2 0   1 8   1 1   6 7   5 5   4 9   3 6   9 10   2 6   7 9   6 11   3 3   9 9   4 4   3 4 
530 3 1 2 1 2   1 9   1 2   3 6   2 5   4 9   4 6   8 10   6 8   6 9   5 11   3 4   9 9   3 4   3 4 
530 4 1 2 1 2   8 9   1 5   3 7   2 5   4 9   3 4   8 9   2 8   6 7   5 6   3 4   9 9   3 4   3 4 
536 1 0 0 1 2   8 9   1 1   3 6   2 5   6 11   5 6   4 4   3 3   4 5   6 14   4 5   9 9   3 6   3 4 
536 2 0 0 2 0   1 8   2 3   4 4   3 3   9 9   4 5   4 6   4 8   6 6   0 0   3 3   8 9   2 3   5 5 
536 3 1 2 1 2   1 9   1 2   3 4   2 3   9 11   4 6   4 6   3 4   4 6   6 12   3 4   9 9   3 6   3 5 
536 4 1 2 1 2   8 9   1 2   3 4   3 5   6 9   4 5   4 6   3 4   4 6   6 6   3 4   8 9   2 6   4 5 
537 1 0 0 1 2   6 6   1 1   6 6   5 6   4 10   5 5   4 7   2 3   5 6   4 4   3 6   0 0   3 5   4 5 
537 2 0 0 2 2   6 6   9 9   3 6   3 3   4 9   0 0   4 9   6 8   5 6   12 15   3 3   3 9   5 6   3 4 
537 3 1 2 1 2   6 6   1 9   6 6   3 6   4 4   5 7   4 4   3 6   5 6   0 0   3 6   3 3   3 5   3 5 
537 4 1 2 2 2   6 6   1 9   6 6   3 6   4 4   5 7   4 7   2 6   6 6   4 12   3 6   3 3   3 5   3 5 
539 1 0 0 1 0   0 0   3 5   3 6   5 5   7 9   5 5   3 4   6 8   5 6   0 0   3 3   1 10   2 5   3 5 
539 2 0 0 2 2   6 6   1 8   4 6   1 2   8 11   5 5   6 10   6 6   0 0   9 12   2 2   9 10   3 3   4 5 
539 3 1 2 2 2   6 6   3 8   4 6   2 5   8 9   5 5   4 10   6 6   6 6   7 9   2 3   10 10   3 5   5 5 
539 4 1 2 1 2   6 6   1 5   3 6   2 5   8 9   5 5   4 10   6 6   6 6   7 9   2 3   10 10   3 5   5 5 
540 1 0 0 1 0   0 0   0 0   0 0   0 0   0 0   0 0   0 0   0 0   0 0   0 0   0 0   0 0   0 0   0 0 
540 2 0 0 2 0   0 0   5 5   3 3   0 0   8 8   4 4   4 5   3 3   6 6   11 14   3 5   9 9   6 6   3 5 
540 3 1 2 1 2   7 9   1 5   3 3   2 4   8 10   4 4   4 5   3 3   5 6   6 11   3 3   9 9   2 6   3 5 
540 4 1 2 1 2   1 6   5 13   3 6   2 3   4 8   4 5   5 9   3 4   3 6   11 11   3 5   6 9   2 6   3 5 
541 1 0 0 1 2   4 6   1 1   6 6   2 5   7 8   3 5   4 6   6 6   5 5   4 12   3 3   3 9   2 3   2 3 
541 2 0 0 2 0   0 0   5 9   4 6   2 5   4 6   4 4   9 9   3 6   3 7   3 4   3 3   3 9   3 6   3 5 
541 3 1 2 1 2   6 9   1 9   6 6   2 5   6 8   4 5   4 9   6 6   3 5   3 4   3 3   9 9   3 6   3 5 
541 4 1 2 1 2   6 7   1 5   4 6   2 5   4 7   3 4   6 9   3 6   5 7   4 12   3 3   3 9   3 3   3 5 
543 1 0 0 1 0   1 6   1 1   3 6   3 5   8 10   3 4   7 9   3 3   5 9   4 14   0 0   3 7   4 4   2 3 
543 2 0 0 2 0   1 6   2 5   3 3   3 3   4 8   3 5   6 7   4 6   5 6   0 0   4 5   3 3   5 5   3 3 
543 3 1 2 1 2   6 6   1 5   3 6   3 3   4 10   3 5   7 9   3 6   6 9   0 0   4 5   3 7   4 5   3 3 
543 4 1 2 1 2   1 1   1 2   3 6   3 5   4 8   4 5   7 7   3 6   5 5   4 13   4 4   3 3   4 5   2 3 
544 1 0 0 1 2   1 6   2 5   6 6   3 3   7 12   3 4   4 9   4 6   3 7   3 11   3 3   4 8   4 6   3 3 
544 2 0 0 2 0   6 7   5 11   3 3   2 5   6 11   5 7   4 7   2 3   3 3   6 12   5 5   4 10   3 4   2 5 
544 3 1 2 2 2   1 6   5 5   3 6   3 5   11 12   4 7   4 4   2 4   3 3   6 11   3 5   4 4   3 4   3 5 
544 4 1 2 2 2   0 0   2 5   3 6   2 3   11 12   4 7   4 4   3 4   3 3   6 11   3 5   8 10   4 6   2 3 
547 1 0 0 1 0   6 6   4 5   3 6   3 4   3 12   3 5   6 6   6 6   3 6   0 0   3 3   8 9   2 3   4 4 
547 2 0 0 2 0   0 0   0 0   0 0   0 0   0 0   0 0   0 0   0 0   0 0   0 0   0 0   0 0   0 0   0 0 
547 3 1 2 1 2   3 6   3 4   6 6   3 4   3 4   3 7   6 7   3 6   6 9   0 0   3 6   7 8   2 3   3 4 
547 5 1 2 1 2   3 6   3 4   3 6   4 5   9 12   4 5   6 9   3 6   3 9   0 0   3 6   0 0   2 3   3 4 
548 1 0 0 1 0   5 6   1 5   3 4   2 5   10 10   5 6   5 12   2 5   5 5   6 11   3 3   9 10   3 5   1 4 
548 2 0 0 2 2   6 9   1 3   5 6   2 3   4 6   4 5   6 10   5 6   5 5   7 12   2 4   6 10   6 6   2 3 
548 3 1 2 1 2   0 0   1 1   4 5   2 2   6 10   5 5   10 12   5 6   5 5   0 0   2 3   0 0   5 6   1 3 
548 4 1 2 1 2   5 6   1 1   3 5   2 5   6 10   4 6   5 6   2 5   5 5   6 12   2 3   10 10   0 0   3 4 
549 1 0 0 1 0   6 8   2 3   3 6   2 3   4 9   5 6   4 4   3 8   5 6   0 0   3 5   6 9   4 6   3 4 
549 2 0 0 2 0   6 6   9 9   6 6   2 3   10 10   0 0   4 7   4 5   3 7   10 13   3 4   9 10   3 5   3 3 
549 4 1 2 1 2   6 8   3 9   6 6   2 2   9 10   6 8   4 7   4 8   5 7   6 13   3 5   9 9   5 6   3 3 
549 5 1 2 1 2   6 8   3 9   6 6   2 3   9 10   6 8   4 7   4 8   3 5   6 10   3 5   9 9   5 6   3 3 
552 1 0 0 1 2   6 6   2 3   3 6   3 4   9 10   3 5   9 10   3 5   3 5   12 16   3 3   1 10   3 6   3 4 
552 2 0 0 2 2   6 6   5 9   6 6   3 3   4 9   5 5   4 7   5 6   7 8   6 13   1 3   7 9   4 5   3 5 
552 3 1 2 2 2   6 6   2 9   3 6   3 4   9 10   5 5   4 9   5 6   5 7   12 13   3 3   7 10   4 6   3 3 
552 4 1 2 1 2   6 6   3 9   6 6   3 3   4 9   3 5   4 10   3 6   3 7   6 16   3 3   7 10   4 6   3 5 
552 5 1 2 1 2   6 6   2 9   6 6   3 3   4 10   5 5   7 9   5 5   5 8   12 13   3 3   1 7   3 4   4 5 
553 1 0 0 1 0   4 7   2 5   3 6   2 5   4 8   4 7   4 4   2 2   5 5   4 4   3 3   9 9   3 4   3 4 
553 2 0 0 2 2   6 6   1 1   5 6   2 5   4 8   3 7   9 10   3 7   6 7   11 18   3 5   6 9   2 3   3 5 
553 3 1 2 1 2   4 6   1 2   3 6   5 5   4 4   7 7   4 10   2 7   5 6   4 18   3 5   9 9   3 3   4 5 
553 4 1 2 1 2   6 7   1 5   3 6   5 5   4 4   4 7   4 10   2 7   5 6   4 18   3 5   9 9   2 4   3 3 
554 1 0 0 1 0   5 6   5 9   6 6   3 4   9 11   4 5   4 4   3 3   5 5   5 13   0 0   3 10   4 4   3 4 
554 2 0 0 2 0   1 1   2 9   3 6   2 4   6 9   4 5   4 4   2 3   3 5   0 0   0 0   9 9   5 6   3 4 
554 3 1 2 1 2   1 5   2 9   3 6   3 4   9 9   5 5   4 4   2 3   3 5   5 15   0 0   3 9   4 5   3 4 
554 4 1 2 2 2   1 6   2 5   3 6   2 4   6 9   4 5   4 4   3 3   5 5   4 5   0 0   3 9   4 6   3 3 
555 1 0 0 1 0   6 8   9 9   3 6   2 3   5 8   4 4   2 4   4 6   6 7   6 11   5 5   6 9   3 4   2 3 
555 2 0 0 2 2   5 6   3 5   6 6   2 2   9 10   8 8   9 10   3 4   7 7   4 13   3 5   0 0   0 0   2 4 
555 3 1 2 1 2   6 8   3 9   3 6   2 3   5 9   4 8   2 10   3 6   6 7   4 6   3 5   9 9   4 4   2 2 
555 4 1 2 1 2   6 8   3 9   3 6   2 3   8 9   0 0   4 10   3 4   7 7   4 11   3 5   9 9   4 6   2 4 
556 1 0 0 1 2   6 6   2 5   4 6   3 5   9 9   5 6   4 5   2 3   5 9   10 10   3 4   8 9   0 0   2 3 
556 2 0 0 2 2   6 9   1 2   3 4   2 5   9 10   4 4   4 4   2 3   5 9   4 10   3 5   9 10   3 3   4 7 
556 3 1 2 1 2   6 9   2 2   3 4   2 5   9 10   4 5   4 4   2 3   5 9   4 10   3 4   9 9   3 4   3 4 
556 4 1 2 2 2   6 9   2 5   3 6   2 3   9 10   4 6   4 5   3 3   9 9   4 10   3 5   8 10   3 6   2 7 
557 1 0 0 1 0   5 7   1 8   3 4   1 3   3 4   3 5   7 9   5 10   5 9   4 4   3 5   6 8   6 6   4 4 
557 2 0 0 2 0   2 6   1 5   3 3   1 2   4 6   0 0   4 6   3 3   5 9   4 10   2 3   8 9   2 6   4 5 
557 3 1 2 1 2   2 5   1 8   3 4   1 1   3 6   3 5   6 7   3 5   5 5   4 4   3 3   8 9   2 6   4 4 
557 4 1 2 1 2   6 7   1 5   3 3   1 2   3 4   3 5   6 7   3 5   5 9   4 10   2 5   8 8   2 6   4 4 
558 1 0 0 1 2   0 0   3 8   6 6   4 5   9 10   5 6   1 4   2 4   6 6   4 11   4 5   9 10   3 6   2 4 
558 2 0 0 2 0   1 5   5 9   3 4   2 3   9 10   5 5   5 7   3 6   5 6   4 6   4 4   7 9   3 3   3 4 
558 3 1 2 1 2   1 5   3 9   3 6   3 5   9 9   5 5   4 5   3 4   6 6   4 4   4 5   9 9   3 3   2 3 
558 4 1 2 1 2   1 9   5 8   4 6   2 4   10 10   5 6   1 5   2 3   6 6   4 6   4 5   7 9   3 3   2 4 
559 1 0 0 1 0   0 0   0 0   0 0   0 0   0 0   0 0   0 0   0 0   0 0   0 0   0 0   0 0   0 0   0 0 
559 2 0 0 2 0   0 0   0 0   0 0   0 0   9 10   0 0   0 0   0 0   0 0   0 0   0 0   0 0   0 0   4 4 
559 3 1 2 1 2   6 7   5 9   4 7   2 4   10 11   5 6   6 8   3 3   5 7   5 16   4 4   0 0   3 3   4 4 
559 4 1 2 1 2   6 6   1 1   4 6   4 5   9 11   5 7   4 6   3 6   6 7   12 12   3 5   8 9   3 3   4 4 
560 1 0 0 1 0   6 6   1 5   4 8   3 4   6 10   5 5   9 11   2 6   7 8   7 13   3 3   0 0   3 3   3 4 
560 2 0 0 2 0   6 7   5 9   3 6   3 5   4 5   0 0   2 4   6 6   8 8   12 12   3 4   0 0   3 3   2 3 
560 3 1 2 1 2   6 6   1 5   4 6   3 5   5 6   4 5   2 11   6 6   7 8   12 13   3 3   4 6   3 3   3 3 
560 4 1 2 1 2   6 7   1 5   4 6   3 5   5 6   4 5   4 11   6 6   7 8   12 13   3 3   6 8   3 3   2 3 
561 1 0 0 1 2   6 6   1 8   3 4   2 4   9 14   5 7   4 7   2 4   5 5   14 16   3 4   10 11   2 6   4 4 
561 2 0 0 2 0   6 9   1 3   5 6   5 5   4 9   5 7   4 10   2 6   6 6   0 0   3 4   9 10   3 3   3 4 
561 3 1 2 1 2   6 6   1 1   4 5   2 5   9 9   5 5   4 7   2 4   5 6   12 16   4 4   9 10   3 6   4 4 
561 4 1 2 1 2   6 9   1 3   3 6   4 5   9 9   5 5   7 10   4 6   0 0   5 14   3 3   10 11   2 3   3 4 
562 1 0 0 1 0   1 8   1 1   4 6   2 3   9 10   5 5   4 9   3 6   6 6   0 0   4 6   6 9   4 6   3 4 
562 2 0 0 2 2   5 6   2 3   4 6   3 5   4 9   5 5   6 6   3 3   6 6   0 0   3 5   3 9   3 6   3 3 
562 3 1 2 1 2   5 8   1 2   4 6   3 3   9 9   5 5   4 6   3 3   6 6   0 0   5 6   9 9   3 4   3 3 
562 4 1 2 2 2   5 8   1 2   4 6   3 3   4 9   5 5   4 6   3 3   6 6   0 0   3 6   3 9   4 6   3 4 
563 1 0 0 1 0   6 6   1 5   3 4   2 3   6 12   5 7   4 6   2 3   3 9   11 14   3 3   7 9   4 8   3 3 
563 2 0 0 2 2   1 6   5 10   6 6   3 3   7 10   5 5   2 4   4 6   5 6   4 6   3 3   7 10   2 5   3 4 
563 3 1 2 2 2   6 6   1 5   3 6   2 3   10 12   5 7   2 6   2 4   5 9   4 11   3 3   7 9   0 0   3 4 
563 4 1 2 1 2   1 6   1 5   4 6   2 3   7 12   5 7   4 6   2 6   6 9   4 11   3 3   9 10   5 8   3 4 
564 1 0 0 1 0   1 6   5 11   2 5   2 5   9 10   3 4   4 10   3 6   5 7   5 18   2 3   1 10   4 4   4 4 
564 2 0 0 2 0   8 9   1 13   4 4   2 5   6 11   5 8   7 7   2 3   3 9   4 14   3 3   2 3   6 6   4 5 
564 3 1 2 1 2   1 8   11 13   2 4   2 5   9 11   4 5   0 0   2 6   7 9   4 5   2 3   1 2   4 6   4 5 
564 4 1 2 1 2   6 9   5 13   4 5   2 5   9 11   4 5   4 7   2 6   3 7   5 14   2 3   2 10   4 6   4 5 
566 1 0 0 1 0   8 8   5 8   6 6   3 5   7 9   7 8   4 8   3 5   6 6   11 17   3 5   3 9   3 4   3 3 
566 2 0 0 2 2   9 9   2 2   3 6   4 5   8 11   3 6   4 7   3 6   5 6   4 20   3 4   3 3   4 5   3 4 
566 3 1 2 1 2   8 9   2 8   3 6   3 4   7 11   3 7   7 8   3 5   5 6   17 20   3 3   3 3   4 4   3 4 
566 4 1 2 2 2   8 9   2 5   3 6   5 5   8 9   6 8   4 4   3 6   6 6   4 11   3 5   3 9   3 4   3 4 
567 1 0 0 1 2   6 6   3 5   4 6   3 3   4 6   5 7   4 10   2 8   6 6   4 4   5 6   3 9   3 6   2 3 
567 2 0 0 2 0   6 6   5 5   4 6   4 5   0 0   3 7   4 7   4 6   7 9   4 6   3 3   9 10   2 6   3 5 
567 3 1 2 1 2   6 6   5 5   4 6   3 4   4 9   5 7   4 7   2 6   6 7   4 6   3 6   3 10   6 6   3 3 
567 4 1 2 2 2   6 6   5 5   4 4   3 5   4 11   0 0   4 4   2 4   6 9   4 6   3 6   0 0   6 6   3 3 
569 1 0 0 1 0   6 6   1 13   4 6   3 3   9 11   5 5   1 10   6 6   6 6   5 23   3 4   3 9   4 4   3 4 
569 2 0 0 2 0   6 6   9 9   4 6   3 3   8 9   4 6   4 6   3 6   5 5   4 6   3 3   3 3   3 6   3 4 
569 3 1 2 1 2   6 6   1 9   4 6   3 3   8 11   5 6   1 4   6 6   5 6   5 6   3 4   3 9   3 4   3 3 
569 4 1 2 1 2   6 6   9 13   4 4   3 3   9 11   4 5   1 6   6 6   5 6   5 6   3 4   3 9   4 6   3 4 
570 1 0 0 1 0   6 9   3 9   6 6   3 5   4 10   0 0   4 8   3 3   6 7   6 15   3 7   3 11   3 6   3 3 
570 2 0 0 2 0   6 6   1 13   5 8   3 3   8 9   0 0   2 4   2 6   6 9   4 19   3 5   4 9   0 0   5 5 
570 3 1 2 1 2   6 6   9 13   5 6   3 3   9 10   0 0   4 4   2 3   7 9   15 19   3 5   3 9   3 6   3 5 
570 4 1 2 1 2   6 6   9 13   5 6   3 5   4 8   0 0   4 8   2 3   7 9   15 19   3 5   3 9   3 6   3 5 
571 1 0 0 1 2   1 6   1 5   6 8   2 4   9 11   5 7   8 9   2 3   7 9   12 13   3 3   10 11   6 6   3 3 
571 2 0 0 2 2   9 9   2 9   4 6   3 5   4 9   5 7   4 10   2 4   6 9   2 4   2 5   8 9   4 5   4 5 
571 3 1 2 2 2   1 9   5 9   6 8   4 5   9 9   5 7   8 10   2 2   6 7   4 12   3 5   9 11   4 6   3 5 
571 4 1 2 1 2   1 9   2 5   4 8   3 4   4 11   5 7   9 10   3 4   9 9   2 13   2 3   9 10   4 6   3 5 
572 1 0 0 1 0   6 6   1 3   4 6   3 4   5 12   5 5   0 0   3 6   6 9   0 0   2 3   3 9   2 6   4 4 
572 2 0 0 2 0   6 6   1 9   4 6   4 4   8 10   0 0   0 0   2 3   6 9   0 0   3 4   9 10   0 0   3 4 
572 3 1 2 1 2   0 0   1 3   4 6   4 4   5 8   0 0   0 0   2 3   0 0   0 0   3 3   3 10   2 6   3 4 
572 4 1 2 2 2   6 6   1 9   4 6   4 4   5 10   5 5   2 9   2 3   6 9   0 0   2 3   0 0   2 3   4 4 
574 1 0 0 1 0   6 6   5 5   4 4   5 5   4 10   4 5   1 7   3 6   1 7   0 0   4 5   0 0   3 5   4 4 
574 2 0 0 2 2   1 6   1 1   5 6   2 3   11 12   4 8   4 10   3 4   5 6   12 13   2 3   3 10   3 3   3 4 
574 3 1 2 2 2   6 6   1 5   4 5   2 5   10 12   4 5   1 4   0 0   0 0   0 0   3 4   0 0   3 3   3 4 
574 4 1 2 1 2   6 6   1 5   4 6   3 5   10 11   4 4   4 7   0 0   1 6   4 12   2 5   3 9   3 5   4 4 
576 1 0 0 1 2   6 6   6 9   6 6   2 4   10 10   0 0   6 6   2 2   2 3   12 14   3 4   9 10   3 6   3 4 
576 2 0 0 2 0   1 6   1 2   3 4   3 5   6 9   5 7   7 9   2 4   6 9   4 15   3 3   8 9   4 6   4 4 
576 3 1 2 2 2   6 6   2 6   4 6   2 5   9 10   5 7   6 7   0 0   3 6   4 14   3 3   9 9   4 6   3 4 
576 4 1 2 1 2   1 6   1 6   3 6   2 3   6 10   5 7   6 9   2 2   3 6   4 14   3 3   8 9   6 6   3 4 
577 1 0 0 1 0   1 4   1 9   4 4   5 5   9 10   4 4   4 4   2 6   3 9   18 19   4 4   4 9   4 6   1 4 
577 2 0 0 2 2   1 6   1 13   4 4   1 6   6 6   3 5   4 5   5 11   7 8   4 18   3 4   3 8   2 6   2 6 
577 3 1 2 2 2   1 1   9 13   4 4   1 5   6 10   3 4   4 4   2 5   7 9   4 19   4 4   3 4   2 4   1 6 
577 4 1 2 1 2   1 4   1 13   4 4   5 6   6 9   0 0   4 4   6 11   3 8   18 18   3 4   8 9   6 6   2 4 
579 1 0 0 1 0   0 0   1 11   6 6   5 7   9 10   0 0   4 4   3 5   6 6   14 17   3 3   0 0   5 5   3 3 
579 2 0 0 2 2   6 7   4 11   4 4   3 3   9 11   1 3   7 9   3 3   5 6   6 14   3 4   3 10   3 3   2 3 
579 3 1 2 2 2   6 8   11 11   4 6   3 7   10 11   1 7   4 9   3 3   5 6   6 17   3 3   4 10   3 5   2 3 
579 5 1 2 1 2   0 0   1 11   4 6   3 7   10 11   0 0   0 0   3 3   5 6   0 0   3 4   0 0   0 0   2 3 
580 1 0 0 1 2   1 6   3 5   4 6   3 4   7 9   5 7   0 0   3 4   4 5   4 4   2 4   3 10   1 6   3 3 
580 2 0 0 2 0   1 1   3 9   3 4   3 5   9 10   0 0   4 4   3 6   7 9   4 4   2 3   8 9   0 0   3 4 
580 3 1 2 2 2   1 6   3 9   3 6   4 5   7 10   5 5   4 4   4 6   4 7   0 0   2 3   3 9   1 4   3 4 
580 4 1 2 1 2   1 1   5 9   3 4   3 5   9 10   5 7   0 0   3 6   4 9   4 4   2 2   8 10   6 6   3 3 
580 5 1 2 1 2   1 1   5 9   3 4   3 3   9 9   0 0   4 9   3 3   4 9   4 4   2 2   0 0   1 6   3 3 
580 6 1 2 1 2   1 1   5 9   3 4   3 5   9 10   5 7   4 9   3 6   4 9   4 4   2 2   3 8   1 6   3 3 
581 1 0 0 1 2   1 6   0 0   3 3   2 5   4 10   0 0   2 7   3 3   3 7   0 0   3 4   0 0   4 6   3 4 
581 2 0 0 2 2   5 7   0 0   3 6   0 0   6 10   0 0   1 7   4 6   3 7   0 0   3 3   0 0   3 5   3 4 
581 3 1 2 1 2   1 5   3 7   3 6   2 3   4 10   5 5   1 7   3 6   3 7   0 0   3 4   6 9   4 5   3 3 
581 4 1 2 2 2   6 7   1 5   3 3   3 5   10 10   5 8   1 7   3 6   7 7   0 0   3 3   3 9   3 6   4 4 
583 1 0 0 1 0   1 8   5 5   3 6   5 5   9 13   0 0   1 5   0 0   5 5   0 0   2 3   0 0   2 5   4 5 
583 2 0 0 2 2   6 9   0 0   4 6   2 3   6 8   4 5   0 0   2 3   5 6   4 12   3 3   8 11   0 0   4 4 
583 3 1 2 1 2   8 9   0 0   3 4   2 5   6 13   4 5   5 10   2 3   5 5   3 4   3 3   6 8   4 5   4 5 
583 4 1 2 1 2   1 6   5 5   3 6   3 5   8 13   5 6   1 10   2 3   5 6   4 4   2 3   9 11   4 5   4 4 
585 1 0 0 1 2   6 9   0 0   5 6   1 3   6 10   5 7   4 5   2 4   0 0   4 6   3 5   6 8   3 6   3 3 
585 2 0 0 2 0   1 9   1 9   4 6   3 5   8 9   4 4   4 7   4 6   5 7   4 18   3 5   8 9   3 5   3 4 
585 3 1 2 1 2   6 9   0 0   4 6   3 3   8 10   4 5   4 4   4 6   5 7   6 18   5 5   6 9   3 3   3 3 
585 4 1 2 1 2   1 6   0 0   6 6   3 5   6 8   4 7   4 5   2 6   5 7   6 18   5 5   6 9   5 6   3 4 
588 1 0 0 1 0   6 7   5 5   3 6   2 3   8 13   3 6   1 7   3 5   3 6   6 11   3 5   9 10   2 5   2 5 
588 2 0 0 2 2   6 9   2 9   3 6   5 5   6 11   4 5   5 6   3 6   3 6   4 17   4 5   1 10   3 5   3 3 
588 3 1 2 1 2   6 7   2 5   3 6   3 5   8 11   5 6   1 6   5 6   3 3   4 6   3 5   10 10   2 5   2 3 
588 4 1 2 1 2   7 9   5 9   6 6   3 5   8 11   5 6   0 0   5 6   3 6   6 17   3 4   0 0   0 0   3 5 
593 1 0 0 1 0   5 6   1 2   3 3   2 5   8 9   3 7   6 9   3 6   7 7   4 6   3 5   3 4   4 6   3 5 
593 2 0 0 2 0   6 9   1 1   3 3   3 3   4 4   2 3   9 9   2 3   0 0   6 11   3 4   9 10   3 4   4 4 
593 3 1 2 2 2   5 9   1 1   3 3   2 3   4 9   3 3   6 9   3 6   6 7   4 11   3 3   4 9   3 6   3 4 
593 4 1 2 2 2   5 9   1 1   3 3   3 5   4 8   3 7   9 9   2 3   6 7   4 11   3 3   4 9   4 6   3 4 
595 1 0 0 1 2   0 0   2 3   3 6   2 3   4 9   0 0   0 0   0 0   0 0   6 19   3 3   0 0   0 0   3 4 
595 2 0 0 2 2   0 0   1 13   3 6   2 7   8 10   6 6   0 0   2 4   5 5   6 13   5 5   0 0   0 0   3 6 
595 3 1 2 2 2   0 0   2 13   3 3   2 7   4 8   6 6   0 0   2 2   3 5   6 13   3 5   0 0   0 0   4 6 
595 4 1 2 1 2   0 0   3 13   6 6   3 7   8 9   0 0   0 0   0 0   0 0   0 0   3 5   0 0   0 0   3 3 
596 1 0 0 1 0   6 9   1 1   4 4   3 4   6 8   4 6   5 8   4 12   3 6   14 14   4 4   9 9   4 6   2 5 
596 2 0 0 2 0   7 8   1 8   3 3   5 6   6 10   0 0   4 9   6 7   5 9   4 6   3 3   6 9   3 6   3 4 
596 3 1 2 2 2   8 9   1 8   3 4   3 5   6 8   5 6   4 8   7 12   5 6   4 14   3 4   9 9   3 6   4 5 
596 4 1 2 1 2   8 9   1 8   3 4   4 5   6 6   4 5   5 9   7 12   5 6   4 14   3 4   6 9   4 6   3 5 
597 1 0 0 1 0   0 0   0 0   0 0   0 0   0 0   0 0   0 0   0 0   0 0   0 0   0 0   0 0   0 0   0 0 
597 2 0 0 2 0   1 9   1 9   3 4   2 5   9 11   4 5   4 9   3 6   5 8   12 14   3 4   3 10   4 5   4 5 
597 3 1 2 2 2   6 9   1 9   3 4   2 3   6 9   3 5   6 9   3 6   5 6   13 14   3 4   10 10   4 6   3 4 
597 4 1 2 1 2   9 9   1 2   3 4   2 3   6 11   3 4   4 6   3 3   6 8   12 14   3 3   3 8   4 5   4 4 
598 1 0 0 1 0   0 0   0 0   0 0   0 0   0 0   0 0   0 0   0 0   0 0   0 0   0 0   0 0   0 0   0 0 
598 2 0 0 2 0   1 6   1 9   4 7   2 2   5 9   4 4   4 5   4 8   5 7   0 0   3 5   6 9   3 5   3 4 
598 3 1 2 2 2   6 6   1 9   4 7   2 5   8 9   4 7   4 4   6 8   7 9   0 0   3 3   0 0   5 6   3 3 
598 4 1 2 1 2   6 6   1 9   4 7   2 5   8 9   4 7   4 4   6 8   7 9   0 0   3 3   9 9   3 6   3 4 
599 1 0 0 1 2   6 6   5 5   3 3   2 3   6 9   4 5   8 9   6 6   5 6   14 16   2 3   0 0   3 6   3 5 
599 2 0 0 2 0   6 7   2 10   3 3   2 2   8 10   5 5   4 9   6 6   7 7   10 11   4 4   0 0   3 5   1 4 
599 4 1 2 1 2   6 7   5 10   3 3   2 2   9 10   4 5   4 8   6 6   5 7   11 16   2 4   0 0   5 6   3 4 
599 5 1 2 2 2   6 6   2 5   3 3   2 2   8 9   4 5   8 9   6 6   5 7   10 16   2 4   4 10   5 6   3 4 
600 1 0 0 1 0   1 6   2 10   4 4   2 2   4 10   4 5   4 4   3 4   5 6   5 5   1 3   8 9   1 4   3 3 
600 2 0 0 2 0   5 9   5 10   4 6   2 3   6 14   4 6   4 10   5 8   5 6   11 11   3 4   0 0   4 5   4 4 
600 3 1 2 1 2   1 9   10 10   4 6   2 3   4 6   4 4   4 10   0 0   5 6   5 11   1 4   8 9   4 4   3 4 
600 4 1 2 2 2   6 9   2 10   4 6   2 3   6 10   4 5   4 10   4 8   5 6   5 11   3 4   9 9   1 4   3 4 
601 1 0 0 1 2   4 6   9 13   4 6   3 3   4 4   5 5   1 6   5 6   5 6   5 10   3 6   5 7   4 6   3 3 
601 2 0 0 2 0   7 8   1 5   3 5   2 4   8 11   5 6   3 7   3 3   6 6   9 9   3 5   6 9   1 3   4 4 
601 3 1 2 1 2   6 7   1 9   4 5   3 4   4 11   5 5   1 3   3 5   6 6   9 10   5 6   5 9   3 6   3 4 
601 4 1 2 1 2   6 8   5 9   3 4   2 3   4 11   5 5   3 6   3 6   5 6   9 10   3 6   5 9   1 6   3 4 
602 1 0 0 1 0   7 9   1 2   4 6   3 5   9 10   3 5   6 8   3 6   6 6   5 5   3 6   8 9   3 6   0 0 
602 2 0 0 2 2   1 9   2 9   3 4   4 4   6 9   3 5   5 8   3 5   4 9   3 5   4 5   6 9   3 3   4 5 
602 3 1 2 1 2   1 9   1 2   3 4   3 4   9 10   3 5   0 0   3 3   4 6   5 5   5 6   9 9   3 6   5 5 
602 4 1 2 1 2   9 9   2 9   4 6   4 5   9 10   3 5   8 8   3 3   4 6   5 5   3 5   6 8   3 3   4 4 
602 5 1 2 2 2   1 9   2 2   3 6   3 4   6 10   5 5   5 8   3 5   6 9   5 5   5 6   6 9   3 6   4 4 
604 1 0 0 1 0   6 9   1 9   6 6   2 2   10 11   3 4   7 9   2 3   6 7   12 14   1 3   6 8   2 3   0 0 
604 2 0 0 2 2   7 8   1 1   3 5   3 5   6 9   5 7   4 10   3 6   7 9   6 11   0 0   8 9   4 6   0 0 
604 3 1 2 1 2   8 9   1 1   3 6   2 5   9 11   4 5   7 10   3 6   7 9   6 12   3 3   8 9   3 4   0 0 
604 4 1 2 1 2   6 8   1 9   5 6   2 3   6 10   3 5   9 10   2 6   6 9   11 12   3 3   8 8   3 6   3 4 
605 1 0 0 1 0   6 6   1 3   3 6   4 5   9 9   3 5   4 4   4 7   6 6   0 0   0 0   9 9   3 3   0 0 
605 2 0 0 2 0   7 8   1 3   3 8   5 5   4 6   4 7   8 9   3 4   6 6   2 6   0 0   9 12   6 6   0 0 
605 3 1 2 1 2   6 8   1 3   3 3   5 5   6 9   4 5   4 9   3 7   6 6   2 18   0 0   9 12   3 6   0 0 
605 4 1 2 1 2   6 7   1 1   3 8   5 5   6 9   3 4   4 9   3 4   6 6   2 4   0 0   9 12   3 6   2 3 
606 1 0 0 1 0   1 8   2 10   3 4   4 4   8 11   2 5   4 4   6 10   7 9   0 0   3 5   1 3   2 6   3 4 
606 2 0 0 2 2   1 5   1 5   3 3   2 2   4 9   5 6   4 5   5 6   6 6   0 0   4 5   3 8   3 3   3 3 
606 3 1 2 1 2   5 8   1 2   3 4   2 4   9 11   2 6   4 4   5 10   6 9   0 0   3 5   1 8   2 3   3 4 
606 4 1 2 2 2   1 8   5 10   3 3   2 4   4 8   2 5   4 5   6 10   6 9   0 0   3 5   1 3   2 3   3 4 
607 1 0 0 1 0   6 7   1 2   3 3   4 5   7 9   5 5   2 6   3 6   6 6   0 0   3 3   3 9   1 3   4 5 
607 2 0 0 2 0   1 1   5 9   4 8   2 3   4 11   4 4   4 9   3 3   5 9   0 0   4 5   9 9   2 6   3 6 
607 3 1 2 1 2   1 7   1 5   3 8   2 5   4 7   4 5   6 9   3 6   5 6   0 0   3 5   3 9   3 6   3 4 
607 4 1 2 1 2   1 6   1 9   3 8   2 5   4 7   4 5   6 9   3 6   5 6   0 0   3 4   3 9   3 6   3 4 
608 1 0 0 1 0   6 6   1 9   3 6   2 5   0 0   5 7   4 7   3 6   5 7   5 19   0 0   9 9   3 6   0 0 
608 2 0 0 2 0   1 6   1 2   3 3   4 5   9 11   7 7   4 4   4 4   9 9   0 0   0 0   1 11   6 8   0 0 
608 3 1 2 2 2   1 6   1 9   3 3   2 5   11 14   7 7   4 7   4 6   7 9   19 19   0 0   0 0   6 6   0 0 
608 4 1 2 1 2   6 6   0 0   3 6   2 5   6 11   5 7   4 4   3 4   5 9   5 19   0 0   1 9   3 6   0 0 
610 1 0 0 1 0   6 6   2 3   4 4   5 5   9 15   4 5   6 9   3 4   5 6   4 23   4 6   6 8   4 6   3 6 
610 2 0 0 2 0   1 6   3 10   2 4   2 3   6 8   4 4   1 10   3 6   3 9   1 3   3 3   3 9   1 3   3 3 
610 3 1 2 1 2   1 6   3 10   4 4   3 5   6 15   4 4   6 10   4 6   6 9   1 23   3 6   6 9   1 6   3 3 
610 4 1 2 2 2   1 6   2 10   2 4   2 5   8 15   4 4   6 10   4 6   6 9   3 4   3 4   8 9   1 4   3 6 
611 1 0 0 1 0   6 9   1 2   3 4   3 5   9 11   4 5   6 9   3 4   5 5   7 15   0 0   8 9   5 6   3 4 
611 2 0 0 2 0   6 7   2 8   3 7   2 4   9 11   4 5   6 7   4 7   8 11   6 12   0 0   9 9   4 5   3 5 
611 3 1 2 1 2   7 9   2 8   3 7   2 5   9 11   4 4   7 9   3 7   5 8   6 7   3 6   9 9   5 5   4 5 
611 4 1 2 2 2   6 7   1 8   4 7   2 3   11 11   4 5   6 9   3 4   5 8   6 15   3 5   9 9   5 5   4 5 
612 1 0 0 1 0   6 6   3 5   3 4   3 4   4 7   6 8   2 2   5 6   5 7   4 4   3 4   6 8   4 4   3 6 
612 2 0 0 2 0   1 7   5 10   3 4   5 6   9 11   3 7   4 7   2 3   5 6   7 23   3 4   6 9   6 6   3 4 
612 3 1 2 1 2   1 6   5 5   3 3   4 5   4 11   0 0   2 4   3 5   5 5   0 0   3 3   6 8   4 6   3 6 
612 4 1 2 1 2   1 6   5 5   3 3   4 5   4 11   3 8   2 7   2 5   5 6   4 23   3 4   8 9   4 6   3 4 
614 1 0 0 1 0   6 9   5 9   3 6   3 5   6 9   7 7   1 4   2 7   7 9   11 14   2 5   9 9   4 5   3 4 
614 2 0 0 2 0   6 9   1 9   8 9   2 6   6 9   6 6   4 6   2 3   6 6   4 12   3 4   3 4   4 6   3 3 
614 3 1 2 1 2   6 9   1 9   6 8   3 6   6 6   6 7   4 6   3 7   6 9   4 14   2 3   3 9   4 5   3 3 
614 4 1 2 2 2   9 9   9 9   3 9   2 5   9 9   6 7   1 6   2 2   6 9   4 14   2 3   3 9   4 5   3 3 
614 5 1 2 1 2   9 9   9 9   6 9   5 6   6 9   6 7   1 6   2 3   6 7   11 12   4 5   4 9   4 6   0 0 
615 1 0 0 1 0   6 8   1 9   3 6   3 5   6 11   5 7   4 4   3 8   5 5   0 0   3 4   8 10   5 6   3 4 
615 2 0 0 2 0   6 6   1 5   4 4   3 4   11 14   4 5   4 6   3 6   5 6   0 0   3 4   3 8   1 3   2 3 
615 3 1 2 2 2   6 8   1 1   4 6   3 4   6 14   5 7   4 6   3 6   5 6   0 0   3 4   3 8   1 5   3 4 
615 4 1 2 1 2   6 6   5 9   3 4   3 5   11 11   5 5   0 0   3 8   5 6   0 0   3 4   8 8   1 5   3 4 
616 1 0 0 1 0   1 6   9 13   6 8   2 3   5 8   4 5   4 6   3 4   5 6   2 12   2 4   1 10   2 5   3 4 
616 2 0 0 2 0   1 6   1 13   3 4   2 5   6 9   3 4   7 9   3 6   6 11   12 17   3 4   9 9   3 4   3 5 
616 3 1 2 1 2   1 1   13 13   3 6   2 2   5 9   3 5   4 9   3 3   5 11   2 12   3 4   9 10   2 4   4 5 
616 4 1 2 1 2   1 6   1 13   4 8   2 3   8 9   3 4   6 7   4 6   6 6   12 17   2 4   9 10   3 5   3 3 
617 1 0 0 1 0   6 6   1 9   3 5   2 5   11 11   7 7   4 9   3 6   5 6   3 23   3 6   4 6   3 6   3 4 
617 2 0 0 2 0   1 6   2 5   6 6   2 2   6 9   5 6   4 6   3 6   6 6   6 23   3 3   4 10   2 3   3 5 
617 3 1 2 1 2   6 6   5 9   3 6   2 5   9 11   5 7   6 9   3 3   5 6   3 23   3 3   4 10   3 3   3 3 
617 4 1 2 1 2   1 6   5 9   3 6   2 5   9 11   5 7   4 6   6 6   6 6   6 23   3 6   4 6   2 6   4 5 
620 1 0 0 1 0   6 6   4 9   3 3   3 3   4 10   5 5   4 4   4 5   5 5   0 0   3 5   8 9   6 6   4 5 
620 2 0 0 2 0   6 7   8 9   3 4   3 3   3 9   5 6   4 4   3 3   5 9   0 0   3 3   8 9   3 6   3 4 
620 3 1 2 1 2   6 6   8 9   3 4   3 3   3 10   5 6   4 4   3 4   5 5   0 0   3 3   8 9   3 6   4 4 
620 4 1 2 1 2   6 7   4 9   3 4   3 3   3 4   5 6   4 4   3 5   5 5   0 0   3 3   9 9   6 6   3 5 
621 1 0 0 1 0   6 8   2 5   3 5   2 2   4 8   4 6   4 6   4 6   6 7   0 0   3 4   9 10   3 6   3 3 
621 2 0 0 2 2   6 6   1 9   3 6   2 3   6 6   3 4   5 5   3 6   1 6   3 4   3 6   6 7   6 6   2 3 
621 3 1 2 1 2   6 6   1 5   5 6   2 2   6 8   4 6   4 5   3 4   1 6   4 4   3 4   6 10   3 6   2 3 
621 4 1 2 1 2   6 6   1 5   5 6   2 3   4 6   3 4   5 6   3 6   1 7   3 4   3 3   6 9   6 6   3 3 
623 1 0 0 1 0   6 6   1 9   6 6   2 5   6 7   4 5   4 4   3 4   6 6   15 18   2 3   8 9   3 3   3 3 
623 2 0 0 2 0   1 6   9 9   6 6   2 2   10 11   4 5   2 9   1 3   6 9   4 15   1 5   0 0   3 5   3 3 
623 3 1 2 1 2   1 6   1 9   6 6   2 2   6 10   5 5   4 9   1 4   6 6   4 18   1 3   9 9   3 3   3 3 
623 4 1 2 1 2   1 6   9 9   6 6   2 2   6 10   5 5   4 9   1 4   6 6   4 15   1 2   9 9   3 3   3 3 
624 1 0 0 2 0   1 6   1 13   3 6   3 4   8 11   4 7   4 4   2 3   7 9   4 4   3 5   8 10   3 6   3 3 
624 2 0 0 1 0   0 0   0 0   0 0   0 0   0 0   0 0   0 0   0 0   0 0   0 0   0 0   0 0   0 0   0 0 
624 3 2 1 1 2   1 1   1 9   6 6   3 4   6 11   4 7   4 4   2 2   7 7   0 0   4 5   6 10   6 6   3 4 
624 4 2 1 2 2   1 1   1 1   3 6   3 4   6 11   4 4   4 4   2 2   7 7   4 4   3 5   8 9   3 6   3 3 
626 1 0 0 1 2   1 9   1 5   3 3   3 4   4 6   5 5   4 7   6 6   9 9   2 4   5 5   9 9   4 4   2 3 
626 2 0 0 2 0   6 9   1 5   3 4   2 3   4 10   4 4   6 9   2 4   3 5   4 5   3 5   4 10   3 3   4 4 
626 3 1 2 1 2   9 9   1 1   3 3   2 3   4 4   4 5   6 7   2 6   3 9   4 4   5 5   9 10   3 4   2 4 
626 4 1 2 2 2   1 9   1 5   3 3   3 4   6 10   4 5   4 9   4 6   5 9   2 5   3 5   4 9   3 4   2 4 
627 1 0 0 1 2   6 8   3 5   4 4   3 3   4 6   5 7   4 4   3 4   5 7   11 13   3 4   7 10   3 4   1 4 
627 2 0 0 2 0   6 7   1 8   4 4   4 4   4 4   5 5   2 7   3 4   5 6   4 4   3 4   9 9   3 6   3 4 
627 3 1 2 2 2   6 7   1 3   4 4   3 4   4 6   5 5   4 7   3 4   6 7   4 13   3 3   7 9   3 3   1 4 
627 4 1 2 2 2   7 8   1 5   4 4   3 4   4 4   5 7   4 7   3 4   5 5   4 11   4 4   7 9   3 3   1 4 
628 1 0 0 1 2   1 6   1 1   3 6   2 3   6 10   4 4   4 4   3 6   5 5   14 21   3 5   3 9   4 5   1 4 
628 2 0 0 2 2   1 8   3 5   4 6   3 3   7 9   5 6   0 0   2 3   6 9   5 13   3 5   9 9   2 3   4 4 
628 3 1 2 1 2   1 6   0 0   3 4   2 3   7 10   4 5   0 0   3 3   5 6   5 14   3 5   3 9   2 5   4 4 
628 4 1 2 1 2   1 6   1 5   3 6   2 3   9 10   4 6   4 6   3 3   5 6   5 21   3 5   3 9   2 5   4 4 
628 5 1 2 2 2   1 6   1 5   3 4   2 3   7 10   4 5   4 6   3 3   5 6   13 14   3 3   3 9   3 5   4 4 
629 1 0 0 1 2   6 6   1 1   4 6   2 2   9 9   5 5   2 5   5 8   5 7   15 17   4 5   9 9   0 0   2 4 
629 2 0 0 2 0   6 6   3 13   3 6   3 4   7 11   5 6   6 8   3 3   5 5   5 14   3 4   9 10   6 6   4 5 
629 3 1 2 1 2   6 6   1 3   3 4   2 3   9 11   5 5   2 8   3 5   5 5   5 15   4 5   9 10   6 6   4 5 
629 4 1 2 2 2   6 6   1 3   3 6   2 4   7 9   5 6   2 8   3 5   5 5   14 15   3 5   9 9   6 6   4 4 
630 1 0 0 1 2   6 7   2 13   4 6   2 4   5 7   6 8   1 3   2 6   5 6   4 5   3 4   3 11   2 3   2 3 
630 2 0 0 2 0   5 6   5 5   3 3   3 3   6 12   5 7   7 8   2 2   9 9   0 0   3 4   6 10   3 6   4 4 
630 3 1 2 2 2   6 6   5 13   3 6   2 3   5 6   5 6   1 8   2 2   5 9   0 0   3 3   3 6   3 3   2 4 
630 4 1 2 1 2   5 6   0 0   3 4   3 4   7 12   5 8   1 8   2 2   5 9   4 5   4 4   10 11   2 3   3 4 
631 1 0 0 1 0   6 6   3 3   3 6   2 4   6 10   5 5   4 4   3 6   6 7   0 0   3 4   9 9   3 5   3 4 
631 2 0 0 2 0   1 6   2 2   3 6   5 5   4 9   5 6   4 9   2 2   5 9   0 0   4 4   3 11   4 4   5 5 
631 3 1 2 1 2   6 6   2 3   6 6   2 5   9 10   5 6   4 4   2 6   5 6   0 0   4 4   9 11   4 5   3 5 
631 4 1 2 2 2   6 6   2 3   3 6   2 5   9 10   5 6   4 4   2 6   6 9   0 0   3 4   9 11   4 5   3 5 
631 5 1 2 2 2   1 6   2 3   3 6   4 5   4 6   5 5   4 9   2 3   7 9   0 0   3 4   9 11   4 5   3 5 
634 1 0 0 1 2   6 6   1 9   3 4   3 5   4 9   3 5   4 9   2 4   6 10   3 13   3 4   3 10   4 5   2 3 
634 2 0 0 2 2   6 9   2 3   3 4   3 4   6 9   5 5   7 9   4 6   5 6   6 13   3 5   9 10   3 3   3 3 
634 3 1 2 1 2   6 9   1 2   3 4   3 5   9 9   5 5   9 9   4 4   5 6   3 13   4 5   10 10   3 4   3 3 
634 4 1 2 2 2   6 6   1 2   3 3   3 3   4 9   3 5   4 9   4 4   5 6   13 13   3 5   3 10   3 5   2 3 
634 5 1 2 1 2   6 9   3 9   4 4   4 5   6 9   5 5   9 9   4 4   6 6   6 13   3 3   3 10   3 5   2 3 
634 6 1 2 1 2   6 6   2 9   3 4   3 5   9 9   5 5   4 7   2 6   5 10   3 13   4 5   3 9   3 5   2 3 
635 1 0 0 1 2   6 7   5 13   3 3   2 3   4 6   3 4   6 8   3 9   6 6   4 14   2 3   8 9   4 4   3 6 
635 2 0 0 2 0   5 6   3 5   4 6   3 4   8 9   4 5   4 7   3 6   5 9   4 14   3 5   3 9   2 3   2 4 
635 3 1 2 1 2   6 7   3 13   3 4   2 4   4 9   4 4   4 6   3 6   5 6   14 14   3 5   9 9   2 4   3 4 
635 4 1 2 1 2   6 6   0 0   3 4   2 4   4 9   3 4   7 8   3 9   6 9   14 14   3 5   9 9   2 4   2 3 
635 5 1 2 1 2   5 6   5 5   3 6   2 3   4 8   3 5   7 8   3 9   6 9   4 4   2 3   3 9   3 4   2 3 
635 6 1 2 1 2   5 6   5 5   3 6   3 3   4 9   3 4   4 8   6 9   5 6   4 14   2 5   3 8   3 4   2 6 
636 1 0 0 1 0   6 7   3 5   4 5   2 2   4 10   5 5   4 7   4 4   6 10   4 23   3 3   9 9   1 3   2 3 
636 2 0 0 2 2   5 6   5 9   4 6   5 5   4 9   3 7   5 5   4 6   3 6   4 5   2 3   3 10   2 5   1 3 
636 3 1 2 1 2   6 6   3 5   4 5   2 5   4 4   5 7   4 5   4 4   6 6   4 4   2 3   9 10   1 2   1 2 
636 4 1 2 2 2   6 7   5 5   4 4   2 5   4 10   5 7   4 5   4 4   6 6   4 4   3 3   3 9   3 5   1 3 
637 1 0 0 1 0   6 6   1 1   4 6   2 5   6 10   3 5   4 5   3 8   6 6   4 4   3 4   3 9   3 5   3 4 
637 2 0 0 2 2   5 6   5 9   6 6   2 3   8 10   4 6   4 6   6 8   6 6   4 23   3 5   9 10   5 5   3 4 
637 3 1 2 1 2   5 6   1 9   6 6   3 5   10 10   5 6   5 6   3 8   6 6   0 0   4 5   3 10   5 5   3 3 
637 4 1 2 1 2   5 6   1 9   6 6   2 5   10 10   3 4   4 4   6 8   6 6   0 0   3 5   9 10   3 5   3 4 
638 1 0 0 1 2   1 6   1 7   3 4   2 2   2 9   5 6   6 9   6 6   6 6   4 13   3 3   7 9   4 5   4 4 
638 2 0 0 2 0   6 8   5 13   3 4   2 3   6 11   4 6   5 7   3 3   5 8   5 13   3 3   8 10   3 3   3 4 
638 3 1 2 1 2   1 6   7 13   3 4   2 2   2 11   6 6   7 9   3 6   6 8   5 13   3 3   7 10   3 5   3 4 
638 4 1 2 1 2   6 8   1 5   4 4   2 3   2 6   4 6   5 9   3 6   5 6   13 13   3 3   8 9   3 4   4 4 
639 1 0 0 1 0   6 6   2 5   4 4   4 5   4 9   5 7   4 9   3 3   6 7   4 4   3 3   7 8   3 6   3 3 
639 2 0 0 2 0   1 8   1 13   3 6   2 5   7 9   3 9   6 9   1 2   3 5   6 6   3 3   9 10   2 4   3 3 
639 3 1 2 1 2   1 6   1 5   3 4   4 5   9 9   7 9   4 9   1 3   3 7   4 6   3 3   8 10   3 4   3 3 
639 4 1 2 1 2   6 8   2 13   4 6   2 4   7 9   3 7   6 9   1 3   3 6   4 6   3 3   7 9   2 6   3 3 
640 1 0 0 2 2   1 6   2 3   3 6   3 3   8 13   4 6   4 10   3 6   5 9   4 6   2 5   9 9   4 5   3 5 
640 2 0 0 1 0   6 6   1 8   3 6   2 5   7 9   4 4   7 7   3 6   6 7   5 6   5 5   9 10   4 6   3 4 
640 3 2 1 1 2   1 6   1 3   3 6   2 3   7 13   4 4   4 7   3 6   5 6   6 6   5 5   9 10   4 5   4 5 
640 4 2 1 1 2   1 6   3 8   6 6   3 5   9 13   4 6   7 10   3 6   7 9   4 5   2 5   9 9   4 6   3 3 
640 6 2 1 1 2   6 6   2 8   3 6   3 5   9 13   4 4   4 7   6 6   5 7   4 5   2 5   9 9   5 6   3 5 
640 7 2 1 1 2   6 6   3 8   6 6   3 5   9 13   4 4   4 7   6 6   5 6   4 6   2 5   9 10   4 5   4 5 
641 1 0 0 1 2   6 8   2 2   3 3   2 5   6 11   4 5   8 9   3 6   6 9   11 13   3 4   9 9   3 4   3 5 
641 2 0 0 2 2   1 6   1 3   3 3   4 4   4 10   4 5   4 9   3 8   4 8   4 4   2 3   8 10   4 5   3 4 
641 3 1 2 1 2   6 8   1 2   3 3   4 5   10 11   5 5   4 8   3 6   4 9   4 13   3 4   8 9   4 4   4 5 
641 4 1 2 2 2   6 6   1 2   3 3   2 4   4 6   4 5   4 9   3 3   4 6   4 11   2 3   9 10   3 5   3 3 
642 1 0 0 1 0   6 7   5 13   4 6   4 5   4 9   4 5   5 6   2 3   5 7   0 0   3 4   6 8   3 6   1 3 
642 2 0 0 2 0   1 9   9 9   3 7   3 3   6 9   3 4   4 9   3 4   5 6   4 4   3 3   8 10   3 4   1 3 
642 3 1 2 1 2   7 9   9 13   4 7   0 0   4 6   4 4   4 6   2 4   6 7   4 4   3 3   8 10   3 3   1 1 
642 4 1 2 1 2   6 9   5 9   6 7   3 5   4 9   3 4   4 6   2 4   6 7   0 0   3 4   6 8   4 6   3 3 
642 5 1 2 1 2   6 9   5 9   6 7   3 4   6 9   4 5   5 9   3 3   5 6   4 4   3 3   8 8   3 3   1 1 
644 1 0 0 1 0   6 9   5 9   4 4   5 6   6 10   5 5   4 6   5 6   6 6   11 13   0 0   4 6   3 4   3 4 
644 2 0 0 2 0   5 7   2 2   6 6   4 5   1 2   5 5   4 4   3 3   6 6   14 16   3 3   8 10   3 5   3 3 
644 3 1 2 1 2   5 9   2 9   4 6   5 6   2 6   5 5   4 6   3 6   6 6   11 14   3 3   6 10   3 3   3 3 
644 4 1 2 1 2   5 6   2 9   4 6   5 5   2 10   5 5   4 4   3 5   6 6   11 14   3 3   4 10   3 4   3 4 
645 1 0 0 1 0   6 8   1 5   3 4   3 4   4 9   5 5   4 4   4 6   6 9   2 5   2 3   9 9   2 3   3 3 
645 2 0 0 2 0   7 7   3 9   6 10   2 5   6 10   5 6   9 9   3 6   6 7   3 6   3 4   6 9   4 6   3 3 
645 3 1 2 2 2   6 7   3 5   3 6   2 3   6 9   5 6   4 9   4 6   6 7   3 5   3 3   6 9   3 6   3 3 
645 4 1 2 1 2   6 7   3 5   3 6   2 4   4 6   5 5   4 9   6 6   7 9   2 3   2 3   9 9   2 4   3 3 
646 1 0 0 2 0   1 6   5 9   3 3   2 2   9 10   3 7   4 4   3 6   5 9   3 4   3 3   3 9   2 6   0 0 
646 2 0 0 1 0   0 0   0 0   0 0   0 0   0 0   0 0   0 0   0 0   0 0   0 0   0 0   0 0   0 0   0 0 
646 4 2 1 2 2   6 7   9 10   3 3   2 3   9 11   5 7   4 4   3 6   5 5   3 5   3 3   3 3   2 6   4 4 
646 5 2 1 1 2   5 6   2 9   3 4   2 4   9 11   5 7   4 9   3 3   5 9   4 4   0 0   9 11   2 2   3 4 
648 1 0 0 1 0   6 6   9 9   3 6   4 5   4 9   4 5   4 6   3 6   6 7   0 0   3 5   8 11   3 6   3 4 
648 2 0 0 2 0   6 7   1 10   3 3   2 5   9 9   5 5   4 9   3 5   7 7   0 0   3 4   8 10   3 5   3 4 
648 3 1 2 1 2   6 6   1 9   3 3   2 5   0 0   5 5   4 6   3 6   0 0   0 0   3 5   8 8   3 6   3 4 
648 4 1 2 2 2   6 7   9 10   3 3   2 5   0 0   5 5   4 6   3 6   0 0   0 0   3 4   10 11   3 5   3 4 
650 1 0 0 2 0   5 6   9 9   3 3   2 2   9 10   5 6   4 4   2 5   5 6   4 7   3 4   3 11   3 6   3 4 
650 2 0 0 1 0   7 7   2 5   3 4   3 5   11 13   3 7   4 4   4 6   7 9   4 4   4 6   8 10   1 5   3 6 
650 3 2 1 1 2   5 7   2 9   3 4   2 5   10 13   6 7   4 4   2 4   5 9   4 7   4 6   10 11   3 5   3 6 
650 4 2 1 2 2   6 7   5 9   3 3   2 3   10 11   3 6   4 4   2 6   5 7   4 4   3 4   3 8   1 6   3 4 
651 1 0 0 2 0   1 6   0 0   3 5   3 5   9 11   4 5   7 9   3 3   6 6   4 6   3 4   3 9   3 4   3 3 
651 2 0 0 1 2   6 9   1 2   6 6   3 5   9 10   5 5   4 7   5 6   6 8   4 4   3 4   9 10   3 6   3 3 
651 3 2 1 1 2   6 9   1 2   5 6   5 5   9 10   4 5   4 7   3 5   6 8   4 6   3 4   9 9   3 3   3 3 
651 4 2 1 1 2   1 6   1 2   3 6   3 5   10 11   5 5   4 9   3 5   6 8   4 6   3 4   9 9   3 3   3 3 
653 1 0 0 1 2   6 6   1 2   4 6   4 5   4 10   3 5   4 4   3 6   5 6   4 16   3 3   8 9   3 6   3 3 
653 2 0 0 2 0   6 6   1 9   3 3   2 3   7 14   4 5   4 10   2 6   6 6   5 5   3 3   6 8   4 6   3 3 
653 3 1 2 2 2   6 6   1 9   3 4   2 5   4 7   5 5   4 10   3 6   6 6   5 16   3 3   6 8   6 6   3 3 
653 4 1 2 1 2   6 6   2 9   3 6   2 4   7 10   3 5   4 10   6 6   5 6   4 5   3 3   8 9   3 4   3 3 
654 1 0 0 1 0   6 9   1 5   5 6   3 3   0 0   3 5   1 5   3 7   0 0   0 0   4 5   8 10   3 4   2 3 
654 2 0 0 2 0   6 6   5 9   4 6   3 4   0 0   7 7   4 6   3 7   0 0   0 0   3 5   1 3   4 5   3 4 
654 3 1 2 1 2   6 6   1 9   4 6   3 3   0 0   5 7   1 4   3 7   0 0   0 0   3 4   1 10   4 4   3 3 
654 4 1 2 1 2   6 6   1 9   4 6   3 4   0 0   5 7   1 6   7 7   0 0   0 0   4 5   1 10   4 4   3 3 
655 1 0 0 1 0   6 6   2 5   4 5   0 0   0 0   4 5   4 10   4 5   0 0   0 0   5 5   6 10   6 8   1 3 
655 2 0 0 2 0   6 7   10 11   4 5   6 6   0 0   3 5   4 6   6 6   0 0   0 0   3 3   9 11   5 6   3 5 
655 3 1 2 1 2   6 7   2 10   4 5   0 0   0 0   4 5   6 10   0 0   0 0   0 0   3 5   6 11   5 6   3 5 
655 4 1 2 1 2   6 6   5 11   4 5   0 0   0 0   4 5   6 10   0 0   0 0   0 0   3 5   9 10   6 8   1 5 
657 1 0 0 1 0   6 6   1 2   4 6   2 4   10 11   0 0   4 7   3 4   5 6   10 11   5 5   3 6   3 5   3 3 
657 2 0 0 2 2   1 9   1 2   3 8   3 5   1 6   0 0   4 9   3 3   6 6   16 16   3 3   6 6   2 6   3 3 
657 3 1 2 2 2   1 6   1 2   4 8   2 3   6 10   0 0   7 9   3 4   5 6   11 16   3 5   6 6   2 3   3 3 
657 4 1 2 2 2   6 9   1 2   3 6   2 3   6 10   0 0   4 7   3 4   5 6   10 16   3 5   3 6   3 6   3 3 
658 1 0 0 2 2   6 8   3 3   3 6   2 6   9 10   3 3   1 9   3 4   6 6   4 7   3 4   9 10   2 5   2 4 
658 2 0 0 1 0   6 9   1 1   6 6   4 5   9 9   4 5   5 6   1 2   5 6   0 0   3 5   10 10   2 3   1 3 
658 3 2 1 2 2   6 9   1 3   3 6   2 5   9 9   3 5   1 5   1 3   5 6   4 7   3 4   9 10   3 5   1 4 
658 4 2 1 1 2   8 9   1 3   6 6   4 6   9 10   0 0   6 9   2 4   6 6   0 0   4 5   9 10   2 5   3 4 
660 1 0 0 2 0   1 6   5 9   3 4   3 3   4 9   3 7   6 11   3 3   3 5   4 6   3 5   9 9   2 6   4 4 
660 2 0 0 1 0   0 0   0 0   0 0   0 0   0 0   0 0   0 0   0 0   0 0   0 0   0 0   0 0   0 0   0 0 
660 3 2 1 1 2   1 6   5 6   3 4   3 3   9 9   3 7   6 6   3 6   3 5   3 4   5 5   3 9   6 6   4 4 
660 4 2 1 1 2   6 6   5 9   3 3   2 3   4 9   3 7   4 6   3 3   3 5   3 4   4 5   3 9   6 6   4 4 
661 1 0 0 2 0   1 6   5 9   3 5   2 4   9 10   0 0   4 4   3 6   3 5   0 0   3 5   3 10   4 6   3 3 
661 2 0 0 1 0   7 8   1 2   3 4   4 5   9 9   5 5   7 10   3 3   5 5   4 4   2 3   9 10   3 6   3 3 
661 3 2 1 1 2   1 7   2 5   4 5   2 5   9 9   5 7   4 10   3 3   3 5   4 23   2 5   3 9   4 6   3 3 
661 4 2 1 2 2   1 7   2 5   4 5   4 5   9 9   5 7   4 10   3 3   5 5   4 6   3 3   10 10   6 6   3 3 
666 1 0 0 1 0   1 6   3 9   3 6   2 5   4 9   4 6   5 6   3 6   5 7   4 13   3 3   9 9   3 4   3 5 
666 2 0 0 2 0   6 11   3 3   4 4   2 4   9 10   5 7   4 4   2 4   7 7   5 10   3 5   3 9   3 3   3 4 
666 3 1 2 1 2   6 11   3 3   4 6   2 5   9 9   6 7   4 5   4 6   5 7   10 13   0 0   9 9   3 3   3 3 
666 4 1 2 1 2   1 6   3 9   4 6   4 5   9 10   5 6   4 5   4 6   7 7   4 5   3 3   3 9   3 4   4 5 
666 5 1 2 1 2   1 11   3 9   3 4   2 4   4 10   4 7   4 6   2 3   5 7   5 13   3 3   3 9   3 3   3 4 
668 1 0 0 2 2   6 6   1 1   3 4   2 5   4 7   3 4   5 7   6 6   4 9   4 6   5 5   4 11   6 6   2 4 
668 2 0 0 1 2   6 6   2 9   2 3   2 5   8 9   4 5   7 8   3 3   4 5   4 4   3 5   6 9   4 5   3 3 
668 3 2 1 1 2   6 6   1 2   3 4   2 5   4 8   4 5   7 7   3 6   4 9   4 4   3 5   9 11   5 6   3 4 
668 4 2 1 2 2   6 6   1 2   3 4   2 5   4 8   4 5   7 7   3 6   5 9   4 6   5 5   4 6   4 6   3 4 
669 1 0 0 2 0   6 7   1 4   4 6   4 5   9 9   5 7   4 4   2 6   3 9   2 6   3 5   1 8   3 4   4 4 
669 2 0 0 1 2   0 0   5 5   4 6   5 5   9 9   5 7   7 7   0 0   5 9   4 22   3 6   3 9   3 6   3 3 
669 3 2 1 2 2   0 0   1 5   6 6   5 5   9 9   0 0   4 7   3 6   3 5   0 0   3 5   8 9   0 0   3 4 
669 4 2 1 2 2   6 6   1 5   4 6   5 5   9 9   5 7   4 7   3 6   3 5   4 6   3 6   1 9   3 6   3 4 
669 5 2 1 1 2   0 0   4 5   4 4   4 5   9 9   5 7   4 7   2 6   3 9   6 22   3 5   1 9   3 3   3 4 
671 1 0 0 1 2   5 12   9 11   6 6   0 0   0 0   3 3   1 9   0 0   0 0   0 0   3 3   3 9   2 2   2 4 
671 2 0 0 2 0   0 0   5 5   3 3   0 0   0 0   4 5   4 6   0 0   0 0   0 0   3 3   7 10   2 5   4 4 
671 3 1 2 2 2   5 6   5 11   0 0   0 0   0 0   3 4   1 4   0 0   0 0   0 0   3 3   3 7   2 5   4 4 
671 4 1 2 1 2   6 12   5 9   3 6   2 2   0 0   3 4   6 9   0 0   0 0   0 0   3 3   9 10   2 5   2 4 
672 1 0 0 1 0   6 6   1 2   3 6   2 3   0 0   5 5   0 0   0 0   0 0   0 0   3 4   6 9   1 3   4 4 
672 2 0 0 2 2   6 6   1 3   3 6   2 5   0 0   5 6   4 5   0 0   0 0   0 0   3 4   4 9   6 6   3 5 
672 3 1 2 2 2   6 6   0 0   3 3   2 2   0 0   5 6   0 0   0 0   0 0   0 0   3 4   9 9   3 6   4 5 
672 4 1 2 1 2   6 6   1 3   3 3   2 2   0 0   5 5   4 9   0 0   0 0   0 0   3 4   9 9   3 6   4 5 
673 1 0 0 2 2   5 6   1 1   6 6   2 5   6 9   5 5   7 10   3 8   5 6   3 5   4 4   9 9   3 6   2 4 
673 2 0 0 1 2   1 6   3 5   5 6   3 5   6 10   4 4   9 10   6 6   9 9   3 4   5 5   9 10   5 6   4 5 
673 3 2 1 1 2   1 6   1 3   5 6   2 5   9 10   4 5   9 10   6 8   5 9   3 4   4 5   9 10   0 0   2 4 
673 4 2 1 1 2   1 5   1 5   6 6   3 5   6 9   4 5   7 10   3 6   6 9   3 5   4 5   9 9   3 5   2 4 
674 1 0 0 1 0   6 9   3 9   3 6   4 5   6 11   4 5   4 7   4 6   6 9   3 14   0 0   8 9   0 0   2 4 
674 2 0 0 2 2   6 6   1 5   0 0   3 5   11 11   4 7   4 7   2 4   5 9   4 11   3 4   1 8   3 4   4 5 
674 3 1 2 1 2   6 6   3 5   3 6   5 5   6 11   4 4   4 4   2 6   5 9   11 14   3 4   1 9   0 0   4 4 
674 4 1 2 1 2   6 6   1 3   3 6   3 5   6 11   5 7   4 7   2 4   5 6   3 11   3 4   8 8   3 6   2 4 
675 1 0 0 2 0   6 6   1 5   5 6   2 4   11 11   4 4   7 7   2 3   6 6   4 7   3 4   2 9   2 6   3 3 
675 2 0 0 1 0   0 0   0 0   0 0   0 0   0 0   0 0   0 0   0 0   0 0   0 0   0 0   0 0   0 0   0 0 
675 3 2 1 2 2   1 6   1 3   5 5   2 2   6 11   4 4   4 7   2 2   6 7   7 7   3 3   2 9   2 6   2 3 
675 4 2 1 1 2   6 6   5 9   6 6   2 4   6 11   4 4   4 7   2 2   6 7   4 7   3 4   9 9   2 3   2 3 
677 1 0 0 2 2   4 6   5 5   3 4   3 4   9 9   4 5   6 6   2 3   5 6   4 5   3 4   6 11   5 6   3 5 
677 2 0 0 1 2   6 6   5 8   3 4   2 2   4 11   0 0   5 9   5 6   6 6   2 3   3 3   3 9   4 4   3 3 
677 3 2 1 1 2   6 6   5 5   3 3   2 3   9 11   5 5   6 9   3 5   5 6   2 4   3 4   9 11   4 5   3 5 
677 4 2 1 1 2   4 6   5 5   3 3   2 3   4 9   5 7   5 6   3 6   5 6   3 4   3 3   3 11   4 5   3 5 
682 1 0 0 2 0   6 8   1 1   3 4   2 6   4 7   4 5   6 7   3 5   5 9   2 4   3 5   6 8   2 6   3 4 
682 2 0 0 1 2   6 7   1 5   4 6   3 4   4 4   4 4   8 9   3 6   6 6   0 0   3 4   5 9   3 4   3 4 
682 3 2 1 1 2   6 6   1 5   4 4   3 6   4 7   4 5   6 9   3 6   6 9   4 5   3 4   5 8   3 6   3 3 
682 4 2 1 1 2   6 7   1 1   4 4   3 6   4 4   4 4   7 8   3 5   6 9   4 4   3 3   6 9   2 4   4 4 
684 1 0 0 2 0   1 5   1 5   3 4   2 4   8 10   4 5   4 6   3 6   5 7   4 23   3 4   6 9   3 4   2 2 
684 2 0 0 1 0   6 8   5 5   6 6   5 5   6 9   3 5   4 7   2 3   6 7   4 4   3 5   8 9   4 4   4 5 
684 3 2 1 1 2   5 6   1 5   4 6   2 5   6 10   5 5   4 6   2 3   6 7   4 23   3 3   6 8   3 4   2 4 
684 4 2 1 1 2   1 6   5 5   4 6   2 5   9 10   3 4   6 7   3 3   7 7   4 4   3 4   8 9   4 4   2 4 
686 1 0 0 2 2   6 8   1 1   3 7   5 5   6 9   5 6   6 9   3 3   6 9   4 7   3 3   3 6   5 6   2 3 
686 2 0 0 1 0   6 6   1 1   4 4   2 3   9 10   4 8   4 6   3 3   6 6   4 4   3 3   1 11   1 2   2 3 
686 3 2 1 2 2   6 8   0 0   4 7   2 5   9 9   5 8   4 6   3 3   6 9   4 4   3 3   6 11   1 5   2 2 
686 4 2 1 2 2   6 6   1 1   4 7   3 5   9 10   4 5   6 6   3 3   6 9   4 4   3 3   3 11   1 6   2 2 
686 5 2 1 2 2   6 6   1 1   3 4   2 5   6 10   4 5   6 6   3 3   6 9   4 4   3 3   1 6   2 5   2 3 
687 1 0 0 2 2   4 6   1 5   3 4   4 4   4 9   5 7   7 9   3 6   5 6   4 4   3 3   1 8   3 6   3 4 
687 2 0 0 1 0   6 6   1 9   6 6   4 5   9 9   4 5   4 9   3 4   3 6   4 6   3 3   8 10   3 4   2 4 
687 3 2 1 2 2   6 6   1 9   3 6   4 4   4 9   4 5   4 7   3 4   5 6   4 6   3 3   8 8   4 6   2 4 
687 4 2 1 1 2   6 6   1 9   3 6   4 4   9 9   5 5   7 9   3 3   3 5   4 4   3 3   1 10   3 3   3 4 
688 1 0 0 2 0   1 5   5 12   4 8   3 4   6 9   5 5   7 10   3 6   7 7   0 0   2 3   8 9   6 6   3 3 
688 2 0 0 1 0   1 9   1 8   3 6   3 3   8 10   3 7   7 7   3 3   6 6   0 0   3 3   8 9   5 6   4 4 
688 3 2 1 2 2   5 9   5 8   3 8   3 4   6 8   5 7   7 7   3 3   6 7   0 0   2 3   8 9   5 6   3 4 
688 4 2 1 1 2   1 1   1 12   3 4   3 3   9 10   3 5   7 10   3 6   6 7   0 0   3 3   8 9   6 6   3 4 
689 1 0 0 2 2   6 6   1 1   4 6   3 5   11 11   0 0   3 4   2 3   3 7   0 0   3 5   3 9   3 6   3 4 
689 2 0 0 1 0   6 6   1 9   3 5   5 5   4 9   0 0   9 10   3 3   3 7   0 0   3 3   9 9   5 6   2 3 
689 3 2 1 1 2   6 6   1 9   5 6   5 5   4 11   5 5   3 9   3 3   3 7   0 0   3 3   9 9   5 6   3 4 
689 4 2 1 1 2   6 6   1 9   4 5   3 5   4 11   4 4   3 10   3 3   3 3   0 0   3 3   3 9   3 6   2 3 
692 1 0 0 2 0   6 9   3 5   3 3   4 6   10 13   4 5   4 9   4 6   6 9   5 6   3 5   7 9   3 6   4 4 
692 2 0 0 1 2   1 1   1 2   6 6   5 5   6 9   3 5   4 4   3 6   6 6   4 4   3 3   9 9   4 6   3 4 

692 3 2 1 1 2   1 9   2 3   3 6   5 6   6 13   3 5   4 9   3 6   6 6   4 5   3 3   7 9   4 6   3 4 
692 4 2 1 1 2   1 9   1 5   3 6   5 6   6 13   3 5   4 9   3 6   6 6   4 5   3 3   7 9   6 6   4 4 
694 1 0 0 2 2   6 6   1 15   3 6   4 5   9 9   4 4   7 8   5 6   6 7   3 5   3 3   9 10   3 4   2 3 
694 2 0 0 1 2   6 6   3 7   3 6   3 5   9 10   0 0   4 10   2 4   5 6   5 5   3 3   9 9   4 4   2 4 
694 3 2 1 1 2   6 6   1 3   6 6   5 5   9 9   4 5   4 8   4 5   5 6   5 5   3 3   9 9   3 4   3 4 
694 4 2 1 1 2   6 6   1 3   6 6   3 5   9 10   4 5   8 10   2 5   6 6   5 5   3 3   9 9   4 4   2 2 
694 5 2 1 1 2   6 6   1 3   6 6   5 5   9 9   4 5   4 8   4 5   5 6   5 5   3 3   9 9   3 4   3 4 
696 1 0 0 2 0   0 0   0 0   3 3   4 6   8 10   0 0   4 4   3 4   6 11   0 0   0 0   7 9   0 0   1 4 
696 2 0 0 1 0   5 9   2 8   4 6   4 5   4 9   5 5   2 5   2 4   3 6   0 0   4 5   9 9   2 6   3 5 
696 3 2 1 2 2   5 7   1 2   3 6   5 6   4 10   5 5   2 4   2 3   3 6   0 0   3 5   7 9   2 3   1 3 
696 4 2 1 1 2   0 0   1 2   0 0   5 6   0 0   0 0   4 5   3 4   6 6   0 0   0 0   9 9   0 0   3 4 
701 1 0 0 2 2   0 0   3 6   4 4   1 2   9 12   3 5   2 4   3 6   5 6   0 0   3 4   3 4   2 3   4 4 
701 2 0 0 1 0   4 6   1 5   3 4   2 5   5 8   5 7   4 8   2 6   5 6   4 4   3 4   7 9   6 6   3 4 
701 3 2 1 1 2   5 6   5 6   3 4   1 2   8 12   5 7   4 8   2 3   5 6   4 5   3 4   4 7   2 6   3 4 
701 4 2 1 1 2   4 6   1 3   3 4   2 5   5 9   5 5   4 4   2 3   6 6   4 4   3 4   4 7   2 6   3 4 
701 5 2 1 1 2   6 6   5 6   3 4   1 2   8 12   3 7   4 8   2 3   5 5   4 5   3 4   4 9   2 6   4 4 
703 1 0 0 2 2   7 8   3 9   5 6   4 6   4 12   5 8   9 9   3 6   3 6   3 4   4 5   9 10   6 6   3 3 
703 2 0 0 1 0   1 6   2 5   3 3   2 2   6 11   5 6   7 7   6 6   5 6   4 6   3 5   8 9   3 6   2 4 
703 3 2 1 2 2   1 8   3 5   3 5   2 6   6 12   6 8   7 9   3 6   6 6   4 6   3 4   9 10   6 6   3 4 
703 4 2 1 1 2   6 7   2 9   3 6   2 4   4 11   6 8   7 9   3 6   6 6   4 6   3 4   9 9   6 6   2 3 
706 1 0 0 2 0   6 6   5 9   4 6   2 3   9 11   4 5   4 9   2 6   6 9   0 0   4 5   4 9   3 5   4 4 
706 2 0 0 1 0   6 7   1 5   3 4   3 3   5 10   4 6   5 9   3 4   5 6   0 0   3 4   9 9   4 6   3 3 
706 3 2 1 1 2   0 0   5 9   3 6   2 3   5 11   0 0   9 9   2 4   5 6   0 0   3 4   9 9   4 5   3 4 
706 4 2 1 1 2   0 0   1 5   4 4   2 3   9 10   0 0   4 5   0 0   0 0   0 0   4 4   9 9   0 0   3 4 
708 1 0 0 2 2   6 6   1 5   3 6   2 5   7 9   4 5   6 11   3 3   5 6   0 0   3 4   10 10   3 3   2 3 
708 2 0 0 1 0   6 6   1 1   4 6   2 3   4 9   4 5   4 9   3 5   6 7   0 0   3 4   7 9   3 4   2 4 
708 3 2 1 1 2   6 6   1 1   3 6   2 5   0 0   4 4   4 6   3 5   5 6   0 0   4 4   9 10   3 4   2 3 
708 4 2 1 1 2   6 6   1 1   3 6   2 5   0 0   5 5   6 9   3 3   5 7   0 0   4 4   9 10   3 4   3 4 
710 1 0 0 2 0   6 7   1 2   3 3   3 6   0 0   4 4   5 10   2 6   6 9   0 0   3 6   9 10   4 6   4 4 
710 2 0 0 1 0   0 0   1 3   4 6   5 6   0 0   5 5   6 9   0 0   0 0   0 0   2 3   9 10   0 0   4 4 
710 3 2 1 2 2   7 9   1 1   3 4   6 6   0 0   4 5   9 10   4 6   3 6   0 0   3 6   10 10   3 6   4 4 
710 4 2 1 2 2   6 9   1 2   3 4   3 6   0 0   4 5   6 10   1 6   0 0   0 0   3 6   10 10   3 4   4 4 
710 5 2 1 2 2   6 6   2 3   3 4   3 6   0 0   4 5   5 6   1 2   0 0   0 0   3 3   9 10   3 4   4 4 
710 6 2 1 2 2   6 7   1 3   3 6   5 6   0 0   4 5   6 10   1 6   0 0   0 0   2 6   9 10   4 6   4 4 
711 1 0 0 2 0   6 6   1 9   3 3   2 3   0 0   4 4   6 7   3 4   0 0   0 0   0 0   9 9   3 8   2 3 
711 2 0 0 1 0   6 7   1 13   3 6   5 5   0 0   2 5   4 6   5 5   0 0   0 0   3 5   9 9   3 4   3 4 
711 3 2 1 2 2   6 7   1 13   3 6   2 5   0 0   2 4   6 7   4 5   0 0   0 0   3 5   9 9   4 8   3 3 
711 4 2 1 1 2   6 7   1 13   3 3   2 5   0 0   2 4   6 6   3 5   0 0   0 0   5 5   9 9   3 8   3 4 
712 1 0 0 2 0   6 8   1 5   3 4   5 5   0 0   3 8   9 9   3 6   0 0   0 0   3 3   4 9   6 6   3 4 
712 2 0 0 1 2   6 6   1 1   3 6   2 2   0 0   3 5   4 4   0 0   0 0   0 0   1 3   0 0   3 3   3 3 
712 3 2 1 1 2   6 6   1 5   3 4   2 5   0 0   3 8   4 9   0 0   0 0   0 0   1 3   0 0   3 6   3 3 
712 4 2 1 1 2   6 6   1 5   4 6   2 5   0 0   3 5   4 9   0 0   0 0   0 0   3 3   0 0   3 6   3 3 
713 1 0 0 2 2   1 6   5 5   3 6   4 4   0 0   5 6   4 7   0 0   0 0   0 0   3 4   3 9   3 4   2 3 
713 2 0 0 1 0   6 6   1 9   3 6   4 4   0 0   4 5   9 9   0 0   0 0   0 0   3 5   9 10   3 6   3 4 
713 3 2 1 2 2   1 6   5 9   3 6   4 4   0 0   5 6   7 9   0 0   0 0   0 0   4 5   9 9   3 4   2 3 
713 4 2 1 2 2   1 6   5 9   3 6   4 4   0 0   4 5   4 9   0 0   0 0   0 0   4 5   3 9   3 3   3 3 
714 1 0 0 2 0   6 8   1 1   3 3   3 4   6 10   4 6   3 7   2 6   6 9   4 5   2 6   1 10   5 6   2 3 
714 2 0 0 1 2   6 6   2 3   4 6   2 4   9 12   4 5   4 4   6 6   7 9   3 6   3 5   8 9   3 5   3 4 
714 3 2 1 1 2   6 8   1 2   3 4   3 4   9 10   4 5   3 4   2 6   6 9   3 4   2 5   1 8   3 5   2 3 
714 4 2 1 1 2   6 6   1 2   3 6   4 4   6 9   5 6   4 7   6 6   6 9   3 4   2 5   1 9   5 5   2 4 
715 1 0 0 2 0   6 8   3 5   3 6   2 5   9 10   4 7   2 4   3 8   6 9   4 4   5 5   4 10   2 2   3 4 
715 2 0 0 1 2   1 9   1 3   3 4   4 4   8 9   4 5   2 4   2 4   6 8   4 5   1 2   6 10   6 6   3 4 
715 3 2 1 1 2   0 0   1 3   3 6   4 5   0 0   0 0   0 0   0 0   0 0   0 0   0 0   4 6   2 6   3 4 
715 4 2 1 1 2   8 9   3 5   3 4   4 5   8 10   0 0   2 2   4 8   6 9   0 0   1 5   10 10   2 6   4 4 
716 1 0 0 2 0   6 6   2 14   3 6   5 7   6 10   5 5   5 7   5 6   1 5   4 7   3 6   1 6   2 6   4 4 
716 2 0 0 1 0   1 6   2 9   0 0   4 5   10 10   4 4   4 10   4 4   0 0   23 23   3 5   8 9   3 4   2 5 
716 3 2 1 1 2   6 6   2 9   3 4   4 5   10 10   4 5   4 7   4 6   5 5   7 23   3 3   6 8   2 3   0 0 
716 4 2 1 1 2   0 0   2 2   3 4   4 5   0 0   0 0   4 7   4 6   1 5   4 23   3 6   0 0   3 6   2 4 
716 5 2 1 1 2   1 6   2 2   3 4   4 5   10 10   4 5   4 7   4 6   1 5   4 23   3 6   1 8   3 6   2 4 
719 1 0 0 2 0   1 9   1 13   4 6   2 3   4 6   4 4   7 10   3 4   5 6   4 5   4 5   8 8   3 5   3 5 
719 2 0 0 1 0   9 10   1 3   3 8   3 4   5 10   4 5   9 10   3 5   2 9   0 0   3 3   9 9   3 3   3 3 
719 3 2 1 1 2   1 10   1 1   4 8   3 4   6 10   4 5   7 10   3 3   2 6   3 5   3 4   8 9   3 3   3 3 
719 4 2 1 2 2   9 9   3 13   3 6   2 4   6 10   4 5   7 10   3 3   2 6   3 5   3 5   8 9   3 3   3 3 
720 1 0 0 2 0   0 0   1 3   3 4   4 4   4 10   0 0   0 0   0 0   0 0   0 0   3 3   0 0   0 0   3 3 
720 2 0 0 1 0   5 6   1 2   4 8   4 5   9 11   3 4   1 8   3 10   5 5   0 0   2 5   8 8   2 3   2 3 
720 3 2 1 1 2   5 6   2 3   4 4   4 5   4 9   3 4   4 8   3 10   5 6   4 4   2 3   8 9   2 6   3 3 
720 4 2 1 2 2   6 10   1 1   4 8   4 4   4 11   3 4   4 8   3 10   5 6   4 4   2 3   3 8   2 4   3 3 
720 5 2 1 1 2   5 10   1 2   4 4   4 5   4 9   3 3   1 4   3 3   5 6   4 5   3 5   8 9   2 6   3 3 
720 6 2 1 1 2   5 6   2 3   4 4   4 5   9 10   3 5   0 0   3 3   3 5   4 5   3 5   8 9   3 4   2 3 
721 1 0 0 2 0   6 8   1 5   5 6   4 4   6 9   0 0   7 9   4 6   1 9   0 0   4 4   3 8   4 6   2 4 
721 2 0 0 1 0   0 0   1 1   3 7   2 6   0 0   0 0   4 4   0 0   0 0   0 0   0 0   0 0   0 0   2 3 
721 3 2 1 1 2   6 9   1 1   3 5   2 4   6 9   5 7   4 7   2 4   6 9   4 6   3 4   3 10   3 4   2 4 
721 4 2 1 1 2   6 9   1 1   3 5   2 4   6 9   5 7   4 7   2 4   1 6   0 0   3 4   8 11   4 6   2 3 
721 5 2 1 1 2   6 6   1 5   3 5   4 6   6 6   2 5   0 0   4 4   6 9   4 6   3 4   3 11   4 6   2 3 
722 1 0 0 2 0   6 8   3 4   3 6   2 6   4 6   5 5   1 4   2 3   5 9   4 23   4 5   6 9   3 4   2 2 
722 2 0 0 1 2   4 6   2 9   3 3   3 5   6 7   4 4   4 7   6 6   6 6   4 6   3 4   9 10   6 6   3 3 
722 3 2 1 2 2   6 8   3 9   3 6   3 6   6 6   4 5   1 7   3 6   6 9   4 4   3 5   0 0   4 6   2 3 
722 4 2 1 2 2   6 8   3 9   0 0   5 6   0 0   4 5   4 4   0 0   5 6   6 23   4 4   6 9   4 6   2 3 
730 1 0 0 2 0   4 6   1 2   3 6   2 5   6 8   5 9   4 4   4 6   5 9   4 23   4 5   6 8   3 5   3 5 
730 2 0 0 1 0   1 1   5 8   4 6   2 5   9 9   5 5   5 6   3 6   4 5   4 4   3 3   3 3   3 3   3 3 
730 3 2 1 1 2   1 6   1 8   4 6   2 5   6 9   5 9   4 5   3 4   4 5   4 4   3 5   3 8   3 5   3 5 
730 4 2 1 1 2   1 4   2 5   3 6   2 5   8 9   5 5   4 5   3 6   4 9   4 23   3 4   3 6   3 3   3 3 
732 1 0 0 2 2   1 6   1 5   0 0   3 3   7 10   5 5   4 10   3 6   5 5   0 0   3 3   0 0   2 6   3 4 
732 2 0 0 1 0   0 0   1 9   0 0   2 3   0 0   0 0   0 0   0 0   0 0   0 0   0 0   0 0   6 7   3 4 
732 3 2 1 1 2   1 7   1 1   0 0   2 3   10 12   5 5   4 9   6 6   5 8   0 0   1 3   0 0   2 6   4 4 
732 4 2 1 1 2   1 7   1 1   0 0   2 3   7 8   3 5   0 0   3 3   5 6   0 0   3 3   0 0   2 7   3 4 
733 1 0 0 2 0   1 8   1 2   4 5   2 3   1 1   7 10   7 9   3 7   5 6   0 0   2 5   3 7   3 5   3 4 
733 2 0 0 1 0   6 6   1 3   2 3   2 4   3 8   2 7   4 6   6 7   3 4   0 0   2 3   7 9   3 4   1 8 
733 3 2 1 2 2   6 8   1 1   2 5   2 4   1 8   7 10   4 9   3 6   3 6   0 0   3 5   3 9   3 3   1 4 
733 4 2 1 2 2   1 6   2 3   3 4   2 3   1 3   2 10   6 9   3 7   4 6   0 0   2 5   3 9   3 5   1 3 
735 1 0 0 2 0   6 6   9 13   6 6   4 5   4 9   3 5   4 9   3 3   6 9   0 0   3 3   3 9   3 3   2 3 
735 2 0 0 1 2   6 6   1 1   5 5   2 7   8 11   4 5   4 9   6 6   3 5   0 0   3 3   9 10   3 6   2 4 
735 3 2 1 1 2   6 6   1 13   5 6   4 7   9 11   3 4   4 9   3 6   5 6   0 0   3 3   9 10   3 3   2 3 
735 4 2 1 1 2   6 6   1 9   5 6   5 7   4 11   4 5   4 9   3 6   3 6   0 0   3 3   9 9   3 6   3 4 
738 1 0 0 2 0   6 7   1 3   3 6   2 5   9 9   4 5   4 7   3 4   5 9   0 0   3 5   9 10   3 6   3 4 
738 2 0 0 1 0   0 0   0 0   3 4   2 4   4 4   0 0   0 0   0 0   0 0   0 0   0 0   4 10   0 0   4 5 
738 3 2 1 1 2   6 6   1 5   3 6   2 5   0 0   5 7   4 6   4 5   0 0   0 0   3 5   4 10   4 6   4 5 
738 4 2 1 2 2   6 6   1 13   3 6   2 5   0 0   5 7   4 6   3 5   0 0   0 0   5 5   4 9   3 4   3 5 
738 5 2 1 1 2   6 6   3 13   3 6   2 5   0 0   5 7   4 6   3 5   6 9   0 0   3 5   4 10   4 6   4 5 
740 1 0 0 2 2   6 6   3 9   3 3   2 6   10 10   5 6   7 8   3 4   5 7   0 0   2 5   10 10   5 6   3 5 
740 2 0 0 1 2   6 8   3 5   3 3   2 4   0 0   4 4   3 4   6 6   0 0   0 0   3 3   8 10   3 4   3 6 
740 3 2 1 1 2   6 6   3 3   3 3   2 4   0 0   4 5   4 8   4 6   0 0   0 0   2 3   8 10   4 5   3 6 
740 4 2 1 1 2   6 6   3 9   3 3   2 4   0 0   4 5   4 8   4 6   0 0   0 0   3 5   8 10   4 5   3 6 
742 1 0 0 2 0   0 0   0 0   0 0   0 0   0 0   0 0   0 0   0 0   0 0   0 0   0 0   0 0   0 0   0 0 
742 2 0 0 1 2   6 6   2 9   5 6   2 2   0 0   4 4   3 6   6 8   0 0   0 0   2 3   9 9   6 6   2 4 
742 3 2 1 1 2   6 9   5 9   6 6   2 5   0 0   2 4   3 7   0 0   0 0   0 0   2 5   9 9   3 6   2 4 
742 4 2 1 1 2   6 10   1 2   4 5   2 5   0 0   2 4   6 7   0 0   0 0   0 0   2 5   9 9   6 6   2 4 
743 1 0 0 2 2   1 10   3 5   3 3   3 3   0 0   3 5   4 7   0 0   0 0   0 0   3 5   9 9   2 5   3 3 
743 2 0 0 1 2   6 6   1 2   3 4   5 5   0 0   3 4   7 8   0 0   0 0   0 0   4 4   8 9   4 6   4 5 
743 3 2 1 1 2   1 6   2 3   3 4   3 5   0 0   3 5   7 8   0 0   0 0   0 0   3 4   0 0   0 0   3 5 
743 4 2 1 2 2   6 10   2 5   3 4   3 5   0 0   4 5   7 7   0 0   0 0   0 0   3 4   0 0   2 4   3 4 
750 1 0 0 2 0   0 0   0 0   3 4   3 5   4 6   5 5   4 4   3 4   0 0   0 0   3 5   0 0   5 6   3 5 
750 2 0 0 1 2   0 0   0 0   5 6   2 2   9 10   5 7   5 8   3 4   0 0   0 0   3 4   0 0   2 4   3 3 
750 3 2 1 1 2   0 0   0 0   3 6   2 3   0 0   0 0   0 0   3 3   0 0   0 0   0 0   0 0   2 6   3 3 
750 4 2 1 2 2   0 0   0 0   3 5   2 5   6 10   5 7   4 8   4 4   0 0   0 0   4 5   0 0   4 6   3 3 
751 1 0 0 2 0   6 9   1 2   6 8   5 5   4 6   4 5   4 4   3 3   4 5   6 7   2 4   9 9   3 6   3 5 
751 2 0 0 1 0   6 6   1 3   5 6   4 5   9 11   4 5   7 9   2 3   5 9   4 4   3 5   9 11   3 4   2 3 
751 3 2 1 1 2   6 9   1 2   6 8   4 5   6 11   5 5   4 7   3 3   5 5   4 6   2 3   9 11   4 6   2 5 
751 4 2 1 1 2   6 6   1 3   5 6   5 5   4 9   4 5   4 9   2 3   5 9   4 6   2 3   9 11   4 6   2 5 
752 1 0 0 2 0   1 1   1 3   6 6   2 5   4 6   5 7   6 9   2 6   6 7   24 24   2 2   10 10   3 3   3 4 
752 2 0 0 1 0   0 0   0 0   0 0   0 0   0 0   0 0   0 0   0 0   0 0   0 0   0 0   0 0   0 0   0 0 
752 3 2 1 1 2   1 7   3 9   4 6   2 2   6 10   7 7   7 9   6 6   6 9   0 0   2 5   1 10   3 4   3 4 
752 4 2 1 1 2   1 7   3 9   3 6   2 2   6 11   4 5   4 6   2 6   5 6   0 0   2 4   9 10   3 3   3 4 
755 1 0 0 2 2   6 7   1 5   3 3   4 4   6 9   5 5   4 6   2 6   3 7   2 5   3 5   8 10   3 5   3 4 

755 2 0 0 1 0   6 7   1 9   6 6   4 5   9 10   5 6   4 9   2 2   6 6   4 7   3 5   9 10   4 5   3 3 
755 3 2 1 1 2   7 7   1 9   3 6   4 5   9 9   5 5   4 6   2 6   6 7   5 7   3 5   10 10   3 4   3 4 
755 4 2 1 1 2   6 7   1 5   3 6   4 5   6 9   5 6   4 9   2 2   6 7   4 5   3 3   8 9   4 5   3 3 
756 1 0 0 2 0   6 7   1 8   4 4   5 5   3 11   3 7   4 8   3 8   4 5   0 0   2 4   4 9   3 3   1 3 
756 2 0 0 1 0   1 6   1 16   3 4   4 8   9 10   3 10   4 9   7 8   1 8   0 0   3 3   3 11   2 5   2 2 
756 3 2 1 1 2   1 7   1 16   3 4   5 8   10 11   3 7   8 9   7 8   4 8   0 0   2 3   3 4   3 5   1 2 
756 4 2 1 1 2   6 7   1 16   3 4   5 8   3 10   3 3   4 4   3 8   1 5   0 0   3 4   9 11   2 3   1 2 
757 1 0 0 2 0   4 6   2 5   0 0   3 4   6 10   3 3   4 6   5 6   1 7   3 7   3 4   5 6   4 5   4 4 
757 2 0 0 1 0   0 0   0 0   0 0   0 0   0 0   0 0   0 0   0 0   0 0   0 0   0 0   0 0   0 0   0 0 
757 3 2 1 2 2   5 6   1 5   6 6   3 5   5 10   3 4   2 6   6 7   7 11   1 3   3 6   5 7   3 5   2 4 
757 4 2 1 1 2   5 6   1 5   3 5   3 4   4 6   3 4   2 6   6 7   7 11   1 7   4 6   6 8   2 4   3 4 
759 1 0 0 2 0   6 8   4 9   3 6   2 2   7 10   4 5   4 8   3 3   3 4   4 6   3 5   4 9   4 6   2 4 
759 2 0 0 1 0   0 0   1 7   3 8   4 5   4 8   4 5   6 8   3 5   5 7   4 6   0 0   8 9   3 4   4 4 
759 3 2 1 2 2   6 6   7 9   6 8   2 5   4 7   4 4   6 8   3 3   3 7   4 4   3 5   4 8   4 6   4 4 
759 4 2 1 1 2   6 8   4 7   3 8   2 5   4 10   4 5   4 6   3 3   4 7   6 6   4 5   9 9   3 4   2 4 
760 1 0 0 2 0   6 7   3 7   3 6   2 5   9 11   0 0   4 6   3 4   3 9   4 7   3 4   1 6   4 5   3 3 
760 2 0 0 1 2   1 10   1 13   4 5   1 2   6 6   3 7   4 4   3 4   6 9   4 4   3 3   3 9   2 6   3 4 
760 3 2 1 1 2   7 10   1 3   3 5   2 2   6 9   5 7   4 6   3 4   3 6   4 7   3 3   3 6   4 6   3 3 
760 4 2 1 1 2   7 10   1 7   5 6   2 5   6 11   0 0   4 4   3 4   6 9   4 4   3 4   1 3   5 6   3 3 
761 1 0 0 2 0   6 7   1 9   4 5   3 4   8 12   5 7   2 7   3 6   5 6   4 6   3 3   9 9   2 6   2 3 
761 2 0 0 1 2   6 7   1 9   4 5   2 2   8 9   3 4   6 9   3 6   5 7   0 0   3 3   3 10   3 4   2 3 
761 3 2 1 1 2   6 7   1 9   4 5   2 3   8 12   3 5   7 9   3 6   6 7   4 5   3 3   9 10   4 6   2 3 
761 4 2 1 2 2   6 6   9 9   5 5   2 4   9 12   4 5   6 7   3 6   5 5   0 0   3 3   9 10   0 0   2 3 
762 1 0 0 2 2   6 6   1 1   3 5   3 5   4 6   4 5   4 9   3 4   6 6   4 4   2 3   9 10   4 5   2 3 
762 2 0 0 1 0   1 6   5 9   0 0   5 5   4 10   7 7   7 10   0 0   5 6   4 4   2 3   9 10   3 5   3 4 
762 3 2 1 1 2   1 6   1 5   5 6   3 5   6 10   5 7   4 10   3 4   6 6   4 4   3 3   9 10   3 5   3 3 
762 4 2 1 1 2   1 6   1 5   5 6   3 5   4 6   5 7   7 9   4 6   5 6   4 4   2 2   9 9   5 5   3 4 
763 1 0 0 2 0   1 6   9 9   3 6   2 4   6 11   5 7   4 4   3 6   6 7   4 6   3 4   4 8   2 3   2 4 
763 2 0 0 1 0   0 0   0 0   0 0   0 0   0 0   0 0   0 0   0 0   0 0   0 0   0 0   0 0   0 0   0 0 
763 3 2 1 2 2   6 6   5 9   4 6   2 2   6 11   5 7   4 4   3 3   6 10   0 0   4 4   3 8   2 10   2 4 
763 4 2 1 1 2   1 6   5 9   4 6   2 2   6 11   5 5   4 4   3 6   5 6   6 23   3 5   4 4   2 6   2 4 
764 1 0 0 2 0   6 6   5 13   6 6   3 5   2 6   0 0   8 9   3 6   7 9   4 4   1 5   1 10   4 6   3 3 
764 2 0 0 1 0   6 6   2 3   6 6   4 5   6 8   0 0   4 9   3 3   5 6   4 4   3 3   3 6   4 5   3 3 
764 3 2 1 2 2   6 6   2 5   6 6   5 5   2 8   0 0   4 9   3 3   5 7   4 4   1 3   1 6   4 5   3 3 
764 4 2 1 2 2   6 6   2 13   6 6   3 5   6 8   0 0   4 9   3 3   5 7   4 4   3 5   1 6   4 5   3 3 
765 1 0 0 2 2   6 6   2 9   4 6   4 5   10 11   4 4   8 9   3 6   5 9   4 5   3 5   9 10   3 6   3 4 
765 2 0 0 1 2   7 9   2 13   3 4   2 5   6 10   4 5   4 7   4 6   6 6   4 4   2 4   9 10   3 6   3 4 
765 3 2 1 2 2   6 9   2 2   3 4   4 5   10 11   4 5   4 8   4 6   6 9   4 5   4 5   9 9   3 3   3 3 
765 5 2 1 1 2   6 7   2 13   4 4   4 5   10 11   4 5   4 8   4 6   6 9   4 5   4 5   9 9   3 3   3 3 
766 1 0 0 2 0   0 0   2 5   3 6   2 3   4 8   6 7   5 6   7 7   0 0   4 5   3 6   8 8   2 6   3 4 
766 2 0 0 1 2   6 6   3 5   6 8   4 7   4 7   5 5   6 7   0 0   6 9   4 6   3 4   4 10   5 6   3 4 
766 3 2 1 1 2   6 6   2 3   3 8   2 4   4 4   5 7   5 6   0 0   3 6   4 4   3 3   4 8   6 6   4 4 
766 4 2 1 2 2   6 6   2 3   3 8   2 4   4 4   5 7   5 6   4 7   3 6   5 6   4 6   8 10   2 6   3 4 
766 5 2 1 1 2   6 6   2 5   6 6   3 7   7 8   5 6   6 7   3 7   3 9   4 6   3 4   8 10   6 6   3 4 
767 1 0 0 2 2   6 9   1 9   6 6   3 4   6 9   5 6   2 4   2 3   5 7   4 8   4 4   3 10   4 4   3 3 
767 2 0 0 1 0   0 0   0 0   0 0   0 0   0 0   0 0   0 0   0 0   0 0   0 0   0 0   0 0   0 0   0 0 
767 3 2 1 1 2   6 8   1 9   6 6   3 4   9 10   3 5   2 4   2 3   5 6   4 4   4 5   3 9   4 6   3 5 
767 4 2 1 2 2   6 8   1 1   6 6   3 5   6 10   5 6   2 9   2 3   6 7   3 8   4 4   3 9   3 4   3 3 
768 1 0 0 2 0   5 9   1 8   2 3   2 2   8 9   5 7   2 4   3 6   5 5   3 23   3 3   6 10   2 6   2 3 
768 2 0 0 1 2   5 7   1 11   3 6   2 4   6 11   5 5   5 9   3 8   4 5   4 5   3 3   10 10   2 5   3 3 
768 3 2 1 1 2   5 7   1 11   3 3   2 4   9 11   5 5   2 9   3 8   5 5   4 23   3 3   6 10   5 6   2 3 
768 4 2 1 1 2   5 7   1 11   3 3   2 4   9 11   5 5   2 9   3 8   5 5   4 23   3 3   6 10   5 6   2 3 
769 1 0 0 2 0   7 9   1 10   4 6   5 5   9 9   3 4   4 4   4 6   5 6   4 5   3 3   10 10   3 6   4 5 
769 2 0 0 1 2   5 8   2 5   6 6   4 4   9 9   3 5   4 9   3 6   5 9   4 5   5 6   8 9   3 6   3 4 
769 3 2 1 1 2   7 8   1 2   6 6   4 5   9 9   3 4   4 9   4 6   5 6   4 5   3 5   9 10   3 3   4 4 
769 4 2 1 1 2   8 9   2 10   6 6   4 5   9 9   4 5   4 4   3 4   5 9   0 0   3 6   8 10   3 6   3 4 
770 1 0 0 2 0   7 9   1 1   3 7   2 3   5 9   0 0   4 6   6 13   3 4   5 5   3 5   2 9   2 9   2 3 
770 2 0 0 1 0   0 0   0 0   0 0   0 0   0 0   0 0   0 0   0 0   0 0   0 0   0 0   0 0   0 0   0 0 
770 3 2 1 1 2   6 7   1 2   2 7   1 3   9 9   0 0   4 6   6 6   3 5   3 5   3 5   2 4   2 4   2 3 
770 4 2 1 1 2   6 7   1 1   2 3   1 2   5 9   0 0   4 6   6 6   3 5   3 5   5 5   4 9   4 9   2 2 
771 1 0 0 2 2   6 6   1 9   3 3   2 3   7 9   3 5   4 9   4 6   5 9   0 0   3 3   3 9   6 6   3 4 
771 2 0 0 1 0   1 6   1 9   3 6   3 4   9 9   5 5   4 6   2 3   5 6   0 0   3 3   3 8   3 3   3 3 
771 3 2 1 1 2   6 6   9 9   3 3   3 3   9 9   3 5   4 4   3 4   5 9   0 0   3 3   3 9   3 6   3 3 
771 4 2 1 2 2   1 6   1 9   0 0   3 4   9 9   3 5   4 4   0 0   5 6   0 0   3 3   3 3   3 6   3 4 
771 5 2 1 1 2   1 6   1 9   3 6   3 4   9 9   3 5   4 4   3 4   5 9   0 0   3 3   3 8   3 6   3 3 
772 1 0 0 2 2   7 7   1 2   4 6   3 5   4 8   5 5   4 7   3 6   5 9   0 0   3 3   9 10   1 3   3 4 
772 2 0 0 1 0   0 0   0 0   0 0   0 0   0 0   0 0   0 0   0 0   0 0   0 0   0 0   0 0   0 0   0 0 
772 3 2 1 2 2   5 7   2 9   3 6   4 5   5 8   5 5   4 7   3 5   7 9   4 4   3 3   9 10   1 5   4 4 
772 4 2 1 1 2   5 7   2 9   3 4   3 4   4 5   5 5   4 6   4 6   5 7   0 0   3 5   10 10   3 5   3 3 
774 1 0 0 2 2   6 6   2 8   4 8   4 4   10 13   4 7   5 6   6 6   5 6   3 4   2 3   9 10   3 6   3 4 
774 2 0 0 1 0   6 7   2 5   3 8   3 5   4 10   5 5   4 7   3 3   6 6   4 4   3 3   9 9   3 3   4 5 
774 3 2 1 1 2   6 6   2 8   3 4   3 4   10 13   5 7   4 5   3 6   5 6   3 4   2 3   9 10   3 6   4 5 
774 4 2 1 1 2   6 7   2 5   4 8   4 5   4 13   5 7   4 5   3 6   5 6   3 4   2 3   9 9   3 3   3 4 
777 1 0 0 2 2   1 6   1 5   5 6   2 4   4 4   5 5   5 9   4 6   6 6   3 5   3 4   9 10   3 5   2 3 
777 2 0 0 1 0   1 9   1 5   3 4   2 3   6 9   2 4   4 7   4 7   5 6   5 23   3 5   6 9   3 6   2 3 
777 3 2 1 1 2   1 1   1 1   4 5   2 3   4 6   2 5   0 0   4 6   5 6   5 23   3 5   6 9   3 3   2 3 
777 4 2 1 1 2   1 6   1 1   4 5   2 3   4 6   4 5   7 9   4 7   6 6   3 5   3 4   9 10   5 6   2 2 
779 1 0 0 2 2   1 6   1 5   4 4   2 2   10 10   5 7   4 4   3 6   4 6   2 4   4 5   9 9   5 6   4 4 
779 2 0 0 1 2   1 6   1 5   3 4   2 4   10 10   3 3   6 7   2 3   6 9   4 23   5 6   1 9   3 5   2 3 
779 3 2 1 2 2   1 1   1 1   4 4   2 2   10 10   3 7   4 6   3 6   4 9   2 4   4 5   9 9   5 6   2 4 
779 4 2 1 1 2   6 6   5 5   3 4   2 2   10 10   3 7   4 7   2 6   4 6   2 23   5 6   1 9   3 5   2 4 
781 1 0 0 2 0   6 6   1 5   3 3   3 4   6 9   5 5   4 9   3 8   5 7   1 4   3 3   4 9   3 6   1 4 
781 2 0 0 1 0   6 6   1 1   4 6   2 2   6 10   4 5   3 5   3 3   4 7   2 5   3 5   9 9   2 2   4 5 
781 3 2 1 2 2   6 6   1 5   3 6   2 4   6 10   5 5   3 4   3 8   5 7   1 5   3 3   9 9   2 6   0 0 
781 4 2 1 1 2   6 6   1 1   3 6   2 3   9 10   5 5   3 9   3 3   4 7   2 4   3 5   4 9   2 3   1 4 
782 1 0 0 2 2   7 7   9 13   6 8   4 5   10 10   4 7   5 6   2 5   6 9   4 4   2 6   1 9   3 4   3 5 
782 2 0 0 1 0   0 0   0 0   0 0   0 0   0 0   0 0   0 0   0 0   0 0   0 0   0 0   0 0   0 0   0 0 
782 3 2 1 1 2   7 7   5 9   4 6   3 4   10 11   3 4   6 6   2 5   3 9   4 4   2 5   3 9   2 3   5 5 
782 4 2 1 2 2   1 7   5 9   3 6   3 5   10 11   3 4   6 6   2 5   3 9   0 0   2 6   9 10   3 9   2 5 
783 1 0 0 2 0   6 6   1 5   3 3   3 4   10 11   3 4   4 4   4 6   5 6   3 6   3 4   3 9   3 6   4 4 
783 2 0 0 1 0   6 9   8 9   0 0   4 4   4 9   4 9   7 10   4 6   5 6   4 23   3 5   3 8   3 4   3 4 
783 3 2 1 1 2   6 9   5 8   3 4   4 4   4 10   3 4   4 7   4 6   5 6   3 23   4 5   8 9   3 6   3 4 
783 4 2 1 2 2   6 9   5 9   3 3   3 4   9 10   3 4   4 7   4 6   5 5   3 23   4 5   8 9   3 3   3 4 
784 1 0 0 2 0   6 7   5 5   3 3   0 0   3 10   3 5   4 6   3 6   3 3   4 6   5 5   3 9   4 4   2 4 
784 2 0 0 1 2   6 8   1 2   3 5   4 5   9 9   7 7   3 4   0 0   5 6   0 0   3 3   4 10   3 6   2 4 
784 3 2 1 2 2   6 8   1 5   3 5   1 5   3 9   3 7   4 4   3 6   3 5   0 0   3 5   4 9   4 6   2 2 
784 4 2 1 1 2   6 8   1 5   3 5   4 5   9 10   5 7   3 6   3 3   3 6   4 4   3 5   9 10   3 4   2 4 
785 1 0 0 2 0   6 10   5 8   4 6   3 6   4 9   4 5   4 9   3 3   6 7   0 0   2 3   3 9   3 6   2 4 
785 2 0 0 1 2   1 6   2 2   3 5   3 5   9 10   4 5   4 9   2 3   3 7   4 5   3 3   3 8   2 4   5 5 
785 3 2 1 1 2   6 10   2 8   4 5   5 6   9 9   4 5   4 4   3 3   6 7   3 5   3 3   3 9   2 6   2 5 
785 4 2 1 1 2   6 10   2 8   3 4   3 6   9 10   5 5   4 9   2 3   3 7   0 0   2 3   8 9   4 6   2 5 

785 5 2 1 2 2   6 10   2 8   3 6   3 3   4 10   4 5   9 9   2 3   3 7   0 0   2 3   3 8   3 4   4 5 
786 1 0 0 2 2   1 6   5 9   0 0   2 2   6 10   3 4   4 5   0 0   7 9   0 0   2 5   8 9   3 5   4 4 
786 2 0 0 1 0   6 6   2 5   6 8   5 5   8 9   5 5   4 9   0 0   6 6   3 23   2 3   0 0   4 6   3 4 
786 3 2 1 1 2   6 6   0 0   0 0   0 0   6 8   3 5   4 4   0 0   6 7   4 23   2 2   0 0   3 4   3 4 
786 4 2 1 2 2   1 6   0 0   6 8   2 5   8 10   4 5   4 5   0 0   6 9   0 0   3 5   0 0   3 6   4 4 
787 1 0 0 2 0   4 5   0 0   4 5   4 5   9 10   4 5   4 7   0 0   6 7   2 8   3 3   0 0   3 4   2 3 
787 2 0 0 1 0   6 8   0 0   4 6   2 4   9 10   4 5   0 0   0 0   6 9   4 4   4 5   0 0   2 4   3 4 
787 3 2 1 1 2   4 6   0 0   4 4   2 4   10 10   4 4   0 0   0 0   6 7   4 8   0 0   0 0   2 3   2 4 
787 4 2 1 1 2   4 6   0 0   4 5   4 5   9 10   4 5   0 0   6 8   6 6   2 4   3 5   0 0   4 4   3 3 
788 1 0 0 2 0   1 6   0 0   0 0   0 0   9 10   7 7   0 0   0 0   0 0   23 23   3 4   0 0   0 0   2 3 
788 2 0 0 1 2   1 6   0 0   0 0   4 5   9 11   4 5   3 4   0 0   5 6   4 4   4 5   0 0   3 5   2 3 
788 3 2 1 1 2   6 6   0 0   0 0   2 5   9 11   5 7   0 0   0 0   0 0   4 23   4 4   0 0   5 6   2 3 
788 4 2 1 1 2   6 6   0 0   0 0   0 0   10 11   5 7   0 0   0 0   6 9   4 23   4 5   0 0   3 4   2 3 
789 1 0 0 2 0   0 0   1 9   0 0   4 4   7 9   4 6   5 6   0 0   0 0   2 5   3 4   0 0   3 3   4 6 
789 2 0 0 1 0   0 0   5 5   3 7   3 4   9 10   3 4   6 7   2 2   6 8   4 8   1 6   0 0   3 6   3 4 
789 3 2 1 1 2   0 0   1 5   3 4   0 0   7 9   3 4   6 6   2 4   8 9   2 8   1 4   0 0   3 6   4 6 
789 5 2 1 2 2   0 0   1 5   3 4   4 4   9 9   3 4   6 6   2 4   6 8   5 8   1 3   0 0   3 6   4 4 
790 1 0 0 2 0   6 7   0 0   0 0   3 3   9 12   6 8   0 0   0 0   0 0   0 0   3 4   0 0   2 5   3 4 
790 2 0 0 1 0   6 7   0 0   0 0   3 3   8 9   3 11   0 0   0 0   0 0   0 0   5 5   0 0   6 6   3 5 
790 3 2 1 1 2   6 6   0 0   0 0   3 3   9 9   6 11   0 0   0 0   3 7   0 0   4 5   0 0   5 6   3 4 
790 4 2 1 1 2   7 7   0 0   0 0   3 3   9 9   6 11   0 0   0 0   3 7   0 0   4 5   0 0   5 6   4 5 
793 1 0 0 2 2   0 0   1 5   4 6   2 5   8 11   4 5   4 5   3 6   3 5   0 0   3 3   0 0   3 4   2 4 
793 2 0 0 1 0   0 0   1 1   6 6   3 4   5 9   4 5   2 10   2 3   3 6   0 0   3 4   0 0   3 4   3 3 
793 3 2 1 2 2   0 0   1 5   4 6   3 5   5 8   4 5   4 10   2 6   3 3   0 0   3 4   0 0   3 4   3 4 
793 4 2 1 1 2   0 0   1 1   6 6   2 4   9 11   4 5   2 5   3 3   3 6   0 0   3 3   0 0   3 3   2 3 
