15 0 0 5 << NO. OF LOCI, RISK LOCUS, SEXLINKED (IF 1) PROGRAM
0 0.0 0.0 0 << MUT LOCUS, MUT MALE, MUT FEM, HAP FREQ (IF 1)
 1 2 3 4 5 6 7 8 9 10 11 12 13 14 15
1  2  # AFFECTION << NO. OF ALLELES
0.980000 0.020000  << GENE FREQUENCIES
1 << NO. OF LIABILITY CLASSES 
0.005 0.005 0.005  << default
1 12
  0.13836  0.00137  0.00010  0.02055  0.04110  0.54247  0.09041  0.06438  0.09178  0.00685  0.00137  0.00137 730 founder + random alleles
  1
  0.3 0.3 0.3
3 16
  0.28933  0.13867  0.10400  0.01067  0.20133  0.00267  0.00933  0.03200  0.14400  0.01333  0.01200  0.00133  0.03733  0.00133  0.00133  0.00133 750 founder + random alleles
3 10
  0.00134  0.00668  0.32620  0.23797  0.06283  0.31952  0.01471  0.02807  0.00134  0.00134 748 founder + random alleles
3 8
  0.00911  0.27214  0.25130  0.19010  0.23958  0.02865  0.00781  0.00130 768 founder + random alleles
3 15
  0.00556  0.00556  0.00972  0.12639  0.01667  0.13472  0.04167  0.08611  0.28056  0.16389  0.09167  0.01806  0.01111  0.00694  0.00139 720 founder + random alleles
3 11
  0.00279  0.00836  0.13231  0.24373  0.40947  0.07103  0.10446  0.01950  0.00418  0.00279  0.00139 718 founder + random alleles
3 12
  0.02267  0.03333  0.01467  0.36000  0.06267  0.11733  0.13067  0.04667  0.15600  0.04800  0.00667  0.00133 750 founder + random alleles
3 13
  0.00560  0.12325  0.35154  0.12885  0.05322  0.27451  0.01821  0.03361  0.00280  0.00420  0.00140  0.00140  0.00140 714 founder + random alleles
3 11
  0.00994  0.00284  0.07386  0.02841  0.26136  0.33949  0.12642  0.02131  0.12926  0.00284  0.00426 704 founder + random alleles
3 24
  0.00344  0.02234  0.04811  0.29381  0.11684  0.11340  0.02749  0.01031  0.01375  0.03093  0.04811  0.04983  0.04639  0.04811  0.02749  0.02234  0.01718  0.01031  0.00859  0.00172  0.00172  0.00172  0.03265  0.00344 582 founder + random alleles
3 7
  0.01348  0.06334  0.52156  0.18598  0.18598  0.02695  0.00270 742 founder + random alleles
3 12
  0.03276  0.00427  0.11681  0.03846  0.00427  0.07550  0.02991  0.12963  0.37607  0.16382  0.02564  0.00285 702 founder + random alleles
3 10
  0.02297  0.09459  0.31622  0.17973  0.12568  0.25135  0.00270  0.00541  0.00135  0.00010 740 founder + random alleles
3 8
  0.01953  0.11979  0.42839  0.32812  0.08594  0.01562  0.00130  0.00130 768 founder + random alleles
0 0 << SEX DIFFERENCE, INTERFERENCE (IF 1 OR 2)
 0.100 0.072 0.056 0.213 0.069 0.077 0.139 0.049 0.127 0.088 0.076 0.111 0.155 0.063  << RECOMBINATION VALUES
1 0.10000 0.45000 << REC VARIED, INCREMENT, FINISHING VALUE
